Mánaðarmeðaltöl fyrir stöð 1 - Reykjavík
stöð	 ár	mán	  t	  tx	  txx	txxD1	  tn	 tnn	tnnD1	 rh	 r	 rx	rxD1	 p	 n	sun	 f
1	1949	1	 -2.7	  0.5	  6.6	9	 -6.8	-15.2	12	 81.0	 68.8	  9.6	25	 996.7	6.0	18.1	 8.5
1	1949	2	  0.0	  2.5	  7.8	6	 -2.5	 -7.5	27	 87.0	 80.0	  8.3	16	 989.0	6.7	25.1	 9.2
1	1949	3	  0.1	  2.8	  7.4	4	 -2.9	-14.3	14	 86.0	 58.7	  8.4	5	1010.4	5.9	106.6	 5.9
1	1949	4	 -0.0	  3.1	  6.6	2	 -2.9	 -8.9	21	 77.0	 51.8	 17.8	18	1000.2	5.8	134.7	 7.4
1	1949	5	  3.6	  7.2	 13.0	22	  0.3	 -5.0	5	 70.0	 27.9	  5.5	12	1014.8	5.1	243.2	 6.9
1	1949	6	  9.8	 13.0	 20.4	22	  6.7	  1.6	7	 76.0	 44.2	 13.2	30	1015.3	5.7	187.3	 5.9
1	1949	7	 10.5	 13.2	 17.1	28	  8.7	  6.0	4	 86.0	 66.0	 12.6	6	1013.5	7.2	83.1	 4.1
1	1949	8	 10.1	 13.3	 16.5	18	  7.3	  2.0	9	 80.0	 96.0	 25.1	29	1008.4	6.1	160.8	 4.7
1	1949	9	  9.0	 11.1	 15.7	2	  7.2	  1.8	9	 87.0	 97.9	 18.6	29	1009.4	6.9	59.6	 5.7
1	1949	10	  4.5	  7.5	 14.2	11	  2.0	 -9.3	25	 81.0	 35.9	 15.7	2	1002.1	4.9	81.3	 4.4
1	1949	11	  2.5	  5.0	  9.4	2	 -0.3	 -7.0	13	 81.0	 72.0	 15.0	1	 996.2	5.3	40.0	 5.7
1	1949	12	 -1.3	  0.9	  6.3	31	 -4.6	-15.3	9	 84.0	 54.2	 14.2	23	 996.0	5.7	10.0	 6.3
1	1950	1	  2.8	  5.2	  9.6	19	  0.4	 -4.3	24	 84.0	128.3	 13.3	22	 996.0	6.5	10.5	 8.6
1	1950	2	 -0.7	  2.4	  6.1	3	 -3.4	-13.6	23	 80.0	 30.6	  4.9	27	 992.4	5.6	47.4	 6.6
1	1950	3	  1.3	  4.5	  8.3	22	 -1.2	 -9.2	15	 80.0	 59.1	 13.7	25	1005.6	5.0	151.0	 6.5
1	1950	4	  2.2	  5.3	  8.3	7	 -0.5	 -4.9	27	 73.0	 10.0	  3.2	5	1003.3	5.2	172.7	 6.3
1	1950	5	  7.1	  9.8	 11.6	30	  4.4	 -0.3	19	 76.0	 61.2	 17.5	1	1018.7	5.7	200.7	 6.1
1	1950	6	  9.3	 12.4	 18.3	22	  6.8	  3.8	25	 75.0	 42.0	  9.5	4	1008.2	5.4	219.2	 5.8
1	1950	7	 12.4	 15.6	 23.2	17	  9.5	  7.2	22	 76.0	 52.3	  9.1	3	1006.2	6.6	126.1	 4.8
1	1950	8	 12.1	 15.3	 19.6	21	  9.6	  6.1	27	 78.0	 55.6	  8.3	8	1002.3	6.2	123.0	 5.0
1	1950	9	  7.2	 10.7	 13.0	13	  4.0	 -0.2	19	 74.0	 37.3	 10.9	27	 997.4	4.8	153.4	 5.6
1	1950	10	  4.5	  6.9	 10.1	13	  2.2	 -3.4	11	 79.0	 91.0	 15.7	30	 998.7	5.8	84.4	 7.1
1	1950	11	  0.7	  3.0	  9.9	6	 -1.6	-10.5	30	 77.0	 57.9	 22.9	7	1002.5	4.5	67.7	 6.6
1	1950	12	 -1.4	  1.3	  6.3	17	 -3.9	-11.6	3	 80.0	 46.8	 11.3	17	1009.0	5.7	 7.2	 6.7
1	1951	1	 -1.5	  1.3	  6.2	23	 -4.3	-10.7	28	 76.0	 61.1	 14.4	24	 994.6	4.5	24.9	 7.6
1	1951	2	 -0.9	  1.5	  6.7	28	 -3.8	 -9.0	4	 80.0	 49.8	  9.0	12	 996.3	5.4	65.9	 7.4
1	1951	3	 -3.0	  0.1	  6.5	1	 -6.1	-10.9	10	 73.0	 25.5	  7.2	1	1013.4	4.3	163.5	 8.1
1	1951	4	 -0.0	  3.1	 13.0	30	 -2.5	-12.0	14	 76.0	 21.7	  7.6	21	1012.6	5.6	145.7	 6.8
1	1951	5	  6.9	  9.6	 14.4	20	  4.7	 -1.4	7	 81.0	 23.4	  4.4	17	1019.6	6.8	102.2	 5.5
1	1951	6	  9.8	 12.6	 16.1	19	  6.8	  3.2	13	 75.0	 39.4	 15.4	10	1015.1	5.1	232.9	 5.1
1	1951	7	 10.6	 13.0	 16.5	27	  8.3	  5.3	22	 76.0	 43.6	 12.2	1	1009.0	6.0	195.9	 5.5
1	1951	8	 11.4	 15.2	 17.6	16	  7.8	  3.2	12	 76.0	 17.8	 10.5	23	1004.4	5.0	199.3	 4.9
1	1951	9	  9.7	 12.8	 15.9	1	  7.2	  3.0	6	 80.0	 47.9	  8.0	22	1002.4	5.9	98.1	 6.3
1	1951	10	  5.7	  8.0	 12.8	1	  3.5	 -3.6	21	 83.0	123.5	  9.9	8	 998.8	6.3	46.5	 9.4
1	1951	11	  0.8	  3.4	  8.3	8	 -1.7	 -9.2	24	 77.0	 25.1	  7.4	27	1003.4	5.0	52.5	 5.2
1	1951	12	 -0.8	  2.1	  8.2	17	 -3.2	-12.9	10	 80.0	 81.5	 18.1	11	 984.7	5.9	 5.6	 8.8
1	1952	1	 -2.9	  0.1	  6.9	5	 -5.8	-11.6	3	 78.0	118.5	 30.4	31	 996.6	5.4	20.6	 9.9
1	1952	2	 -0.3	  2.2	  6.4	24	 -2.5	 -8.9	3	 84.0	 87.4	 17.7	19	1009.4	6.2	32.1	 6.2
1	1952	3	  1.0	  3.7	  7.2	17	 -1.3	 -9.4	2	 79.0	 25.9	  8.9	19	1009.1	5.5	94.5	 7.5
1	1952	4	  3.4	  6.5	 11.8	29	  0.7	 -6.3	13	 82.0	 33.7	  4.3	17	1001.0	5.6	160.3	 9.4
1	1952	5	  6.2	  9.2	 14.6	11	  3.7	 -1.6	4	 74.0	 46.7	 13.0	24	1017.2	5.9	182.7	 8.5
1	1952	6	  8.4	 11.7	 16.0	16	  5.2	 -0.7	3	 71.0	 15.6	  5.8	10	1010.4	4.5	286.6	 5.6
1	1952	7	 10.1	 12.7	 15.1	27	  7.9	  4.6	11	 79.0	 67.0	 25.1	21	1011.1	6.5	163.1	 6.3
1	1952	8	 10.1	 12.9	 16.3	3	  7.3	  3.6	30	 78.0	 33.1	 15.4	22	1010.6	5.4	209.2	 4.5
1	1952	9	  7.7	 10.4	 14.3	9	  5.2	 -2.3	27	 81.0	 29.2	 18.3	22	1015.5	5.6	124.8	 5.5
1	1952	10	  5.7	  8.1	 11.8	18	  3.2	 -1.6	31	 81.0	 84.4	 21.5	13	1001.3	5.7	63.4	 8.3
1	1952	11	  2.6	  4.8	  8.8	13	  0.5	 -7.3	23	 85.0	 60.0	 13.9	8	1012.9	6.0	26.9	 5.3
1	1952	12	  1.3	  3.6	 10.3	7	 -0.8	 -8.2	14	 80.0	 26.6	 16.7	9	1007.0	5.1	12.9	 6.0
1	1953	1	  0.6	  3.2	  7.7	3	 -2.1	-11.2	31	 84.0	108.9	 17.1	26	1002.7	6.5	10.7	 7.7
1	1953	2	  1.9	  4.3	  8.3	15	 -0.5	 -8.0	1	 86.0	173.6	 40.3	13	1004.0	6.4	37.9	 7.0
1	1953	3	  2.7	  5.5	  9.4	21	  0.2	 -8.5	26	 85.0	150.2	 18.8	19	1006.8	6.5	76.2	10.1
1	1953	4	  0.1	  2.9	  7.6	21	 -2.4	-11.2	2	 81.0	 51.7	 17.2	19	1015.2	5.4	183.8	 9.3
1	1953	5	  6.8	  9.7	 13.0	26	  4.0	 -3.9	1	 76.0	 36.3	 16.3	29	1016.1	6.1	146.4	 4.7
1	1953	6	 10.2	 13.0	 15.6	26	  7.6	  2.7	1	 80.0	 28.6	  3.7	12	1010.5	6.4	146.7	 5.1
1	1953	7	 11.9	 14.8	 19.1	21	  9.4	  6.7	8	 77.0	 39.6	  9.8	1	1007.8	6.0	186.9	 3.4
1	1953	8	 11.5	 14.4	 16.9	24	  8.8	  3.8	19	 82.0	 50.7	 21.9	15	1004.2	5.9	163.6	 4.5
1	1953	9	  9.7	 12.2	 14.2	5	  7.5	  3.5	17	 84.0	 80.5	 30.9	13	1002.3	6.6	68.1	 5.0
1	1953	10	  4.2	  6.6	 12.2	6	  2.3	 -3.6	10	 82.0	101.1	 11.0	20	 996.1	5.8	57.6	 7.6
1	1953	11	  2.0	  4.4	 10.5	21	 -0.4	 -5.0	12	 85.0	 86.9	 11.3	16	 989.7	6.1	16.0	 7.2
1	1953	12	  2.5	  5.3	 10.2	16	 -0.2	-10.4	3	 83.0	171.7	 19.3	11	 993.1	6.5	 8.2	 8.9
1	1954	1	  2.0	  4.3	  8.9	3	 -0.5	 -6.3	5	 83.0	103.6	 17.7	24	1004.4	6.2	10.0	 7.6
1	1954	2	  0.1	  2.8	  7.5	3	 -2.2	-13.0	8	 78.0	 82.6	 19.8	15	 996.9	5.8	44.8	 9.7
1	1954	3	  1.6	  3.9	  9.3	30	 -0.6	 -8.3	23	 79.0	 50.0	 10.5	20	1000.5	5.6	95.3	 8.1
1	1954	4	  4.4	  7.1	 11.3	23	  1.9	 -3.8	5	 80.0	 79.0	 13.2	9	1011.8	6.4	89.4	 7.5
1	1954	5	  7.5	 10.6	 14.9	26	  4.6	 -3.3	2	 73.0	 31.3	 10.7	16	1017.0	5.8	181.3	 6.5
1	1954	6	 10.2	 13.5	 20.7	6	  7.5	  4.9	12	 77.0	 16.4	  8.1	29	1010.3	5.4	203.0	 6.7
1	1954	7	 10.5	 13.7	 16.7	8	  8.0	  4.5	1	 82.0	 64.5	 30.6	7	1005.1	6.1	153.0	 6.7
1	1954	8	 11.0	 13.8	 15.8	7	  8.5	  2.7	28	 82.0	 49.3	 20.3	26	1009.1	6.3	110.1	 5.3
1	1954	9	  6.1	  9.9	 16.5	7	  3.2	 -2.1	28	 75.0	 15.3	  5.6	26	1003.0	4.6	186.2	 7.2
1	1954	10	  3.7	  6.2	 11.5	7	  1.5	 -5.0	16	 79.0	 68.5	 17.6	9	 996.7	5.3	81.5	 6.2
1	1954	11	  2.7	  5.0	  8.3	17	  0.1	 -7.0	13	 84.0	147.2	 26.2	8	 989.5	6.1	17.9	 8.7
1	1954	12	 -0.8	  1.4	  6.3	1	 -3.2	-12.3	10	 84.0	 60.9	 18.0	12	 993.3	5.9	 8.4	 6.9
1	1955	1	 -2.0	  0.5	  8.0	3	 -4.5	-15.0	14	 80.0	 63.1	 21.3	20	1004.8	5.0	39.2	 6.0
1	1955	2	 -2.8	  0.3	  4.5	28	 -5.7	-12.6	10	 77.0	 17.2	  6.5	28	1012.5	3.6	110.1	 4.7
1	1955	3	  1.4	  4.4	  8.4	30	 -1.4	-12.0	21	 78.0	 32.4	  9.7	10	1017.8	5.7	93.8	 6.5
1	1955	4	  5.6	  8.5	 10.6	8	  3.4	 -2.6	21	 79.0	 78.5	 12.3	19	1005.0	6.5	93.7	 7.7
1	1955	5	  5.7	  9.3	 16.2	28	  2.5	 -3.7	16	 70.0	 32.2	 19.2	31	1014.2	4.5	270.2	 5.9
1	1955	6	  9.9	 12.5	 20.5	2	  7.5	  5.0	16	 78.0	 58.1	 12.1	14	1011.2	5.8	174.0	 4.9
1	1955	7	 10.6	 12.8	 15.8	12	  8.5	  5.5	4	 85.0	 91.8	  8.3	20	1008.3	7.0	81.4	 6.9
1	1955	8	 10.1	 12.2	 15.5	6	  8.1	  4.0	30	 88.0	 78.8	 11.2	3	1005.4	7.0	73.0	 6.4
1	1955	9	  8.1	 10.8	 14.0	23	  5.7	  1.7	14	 83.0	 60.6	  5.8	11	 997.5	6.2	97.8	 7.7
1	1955	10	  3.9	  6.3	 10.3	22	  1.7	 -5.0	15	 81.0	 51.5	  8.0	22	1009.8	5.5	69.7	 6.3
1	1955	11	  4.3	  6.3	 10.8	16	  2.1	 -8.8	12	 82.0	 37.0	 10.1	30	1011.3	6.5	12.3	 7.3
1	1955	12	 -2.1	  0.5	  5.1	14	 -5.1	-12.6	11	 76.0	 38.9	  7.0	20	1000.6	4.9	15.5	 8.1
1	1956	1	 -3.2	 -0.3	  8.9	4	 -6.7	-17.1	24	 78.0	 65.4	 15.3	4	1003.8	4.7	26.3	 8.9
1	1956	2	  2.7	  5.3	  9.1	8	  0.7	 -5.3	16	 87.0	108.3	 30.6	2	1016.2	6.2	26.4	 6.8
1	1956	3	  3.6	  6.1	  9.8	27	  1.3	 -8.5	4	 80.0	 84.4	 14.1	14	1002.7	5.8	75.5	 8.5
1	1956	4	  3.6	  6.5	 12.4	20	  1.2	 -5.1	10	 79.0	 60.3	 16.0	6	1014.2	5.7	131.9	 6.2
1	1956	5	  6.6	  9.6	 12.3	26	  3.9	  0.0	16	 77.0	 73.6	 10.1	13	1003.1	5.9	142.3	 7.6
1	1956	6	  8.4	 11.3	 17.8	26	  5.9	  0.6	8	 76.0	 48.2	 10.2	24	1013.3	5.4	210.7	 6.2
1	1956	7	 10.7	 13.4	 17.5	1	  8.4	  5.1	27	 81.0	 20.9	  4.4	25	1011.7	5.9	163.4	 5.6
1	1956	8	  9.9	 13.0	 15.5	1	  6.9	 -0.4	27	 78.0	  4.4	  1.1	31	1013.6	4.5	243.5	 4.6
1	1956	9	  9.2	 11.6	 14.2	2	  7.2	 -0.8	12	 87.0	 40.3	 13.1	20	1008.2	6.4	76.3	 5.9
1	1956	10	  4.7	  7.2	 12.0	14	  2.1	 -3.4	5	 85.0	139.3	 24.4	20	1002.1	6.3	47.6	 8.5
1	1956	11	  5.0	  7.1	 11.7	8	  2.9	 -5.3	29	 85.0	193.3	 27.3	21	 999.3	7.0	 4.6	10.5
1	1956	12	  2.1	  4.5	  8.5	24	 -0.8	 -6.1	14	 82.0	 91.2	 11.9	24	 992.2	5.8	 1.4	 9.7
1	1957	1	  1.1	  3.5	  8.0	17	 -1.6	 -6.5	27	 84.0	132.2	 14.9	11	 989.6	6.1	 5.3	10.1
1	1957	2	 -1.5	  1.0	  4.7	4	 -4.3	-11.6	26	 71.0	 26.9	 22.2	2	1004.2	4.3	98.3	 8.0
1	1957	3	  0.4	  3.2	 10.3	30	 -2.1	-10.8	7	 75.0	 22.8	  6.6	31	1004.1	5.1	136.0	 6.5
1	1957	4	  5.0	  7.8	 10.7	24	  2.7	 -2.7	23	 80.0	 63.6	 10.0	30	1011.0	6.1	118.1	 7.2
1	1957	5	  7.0	 10.0	 16.0	13	  4.4	 -1.4	4	 76.0	 95.9	 15.9	1	1016.6	6.5	134.4	 6.8
1	1957	6	  9.9	 13.0	 16.0	5	  7.2	  2.1	9	 73.0	 31.9	  9.4	15	1017.6	5.4	222.3	 5.6
1	1957	7	 12.0	 14.6	 17.0	1	  9.1	  5.1	4	 78.0	 30.6	 12.7	25	1014.7	5.0	250.8	 4.9
1	1957	8	 11.3	 13.5	 15.6	4	  9.4	  4.8	25	 86.0	 71.6	 17.1	16	1008.7	6.3	137.6	 4.7
1	1957	9	  7.1	 10.2	 13.7	5	  4.3	 -0.9	15	 76.0	 25.5	 11.5	26	1013.1	4.6	176.8	 5.5
1	1957	10	  4.7	  7.2	 12.2	7	  2.5	 -2.6	28	 81.0	156.6	 19.0	1	 991.2	5.9	74.1	 7.6
1	1957	11	  3.0	  5.3	 10.2	30	  0.6	 -6.5	4	 81.0	 58.7	 13.0	24	1010.5	5.5	37.2	 6.6
1	1957	12	 -0.4	  2.7	  9.8	2	 -3.0	-12.4	22	 78.0	 97.3	 17.2	29	 997.8	5.3	10.5	 8.4
1	1958	1	 -2.2	  0.4	  8.6	28	 -5.3	-11.4	20	 79.0	 85.3	 19.7	5	 998.9	5.3	26.7	 8.3
1	1958	2	 -2.0	  0.7	  6.7	26	 -5.1	-13.3	6	 78.0	 36.4	  7.5	19	1010.8	4.8	86.9	 6.0
1	1958	3	  0.4	  3.0	  9.1	31	 -2.1	 -9.2	8	 74.0	 18.8	  5.7	3	1014.6	5.9	107.2	 7.6
1	1958	4	  4.4	  7.2	  9.4	21	  1.9	 -1.9	20	 83.0	110.3	 21.9	12	1007.6	6.1	134.6	 6.1
1	1958	5	  4.7	  8.4	 12.8	29	  0.8	 -3.8	7	 65.0	  9.2	  5.6	19	1018.1	3.9	330.1	 5.5
1	1958	6	 10.2	 12.7	 16.5	30	  8.2	  4.9	9	 78.0	 49.8	 22.3	26	1016.2	6.7	119.2	 4.6
1	1958	7	 12.0	 15.0	 21.0	21	  9.3	  3.9	28	 78.0	 13.2	  4.2	30	1013.6	5.2	246.0	 4.4
1	1958	8	 10.2	 13.7	 16.6	30	  6.9	  3.2	4	 80.0	 17.4	  4.8	11	1007.8	5.3	206.9	 4.3
1	1958	9	 11.4	 13.7	 16.9	30	  9.4	  5.4	21	 85.0	 64.1	  9.4	23	1006.9	6.7	71.3	 5.6
1	1958	10	  6.2	  9.1	 15.7	1	  3.8	 -3.1	31	 84.0	113.7	 18.5	14	 999.5	5.7	73.3	 6.2
1	1958	11	  4.8	  7.4	 10.7	27	  2.1	 -4.2	9	 86.0	212.1	 29.1	18	 999.9	6.3	19.9	 8.2
1	1958	12	  0.3	  2.7	  9.3	2	 -2.1	 -9.7	18	 75.0	 53.0	  8.4	12	1002.4	5.1	20.4	 7.3
1	1959	1	 -3.8	 -0.8	  8.5	27	 -7.2	-12.7	21	 74.0	 38.9	  8.4	27	1016.5	3.8	58.2	 6.1
1	1959	2	  2.3	  5.2	  9.5	2	 -0.6	 -5.7	20	 85.0	160.6	 29.2	13	 997.6	6.8	23.5	10.6
1	1959	3	  3.5	  6.1	 10.5	22	  1.0	 -9.3	7	 82.0	118.4	 17.8	31	 993.6	6.0	83.2	 8.5
1	1959	4	  2.4	  5.6	 10.5	23	 -0.3	 -7.5	7	 73.0	 52.0	 12.1	5	1006.5	4.9	187.7	 6.7
1	1959	5	  7.6	 10.4	 15.3	12	  5.3	 -3.8	5	 82.0	 51.1	  9.1	13	1016.1	6.6	141.7	 5.4
1	1959	6	  8.8	 11.5	 19.3	24	  6.4	  2.1	19	 79.0	 56.8	 16.6	14	1008.4	6.4	151.0	 6.7
1	1959	7	 11.6	 14.2	 16.9	1	  9.5	  6.5	12	 83.0	 47.6	 18.8	31	1007.2	6.7	105.3	 4.1
1	1959	8	 10.4	 12.9	 15.9	22	  8.2	  3.3	14	 84.0	110.0	 34.6	10	1007.1	6.2	145.0	 5.4
1	1959	9	  8.8	 11.3	 13.5	30	  6.6	  1.5	6	 89.0	156.5	 49.2	26	1005.4	6.7	76.2	 6.7
1	1959	10	  7.7	  9.8	 14.5	9	  5.9	 -0.2	28	 84.0	165.6	 19.9	23	 997.4	6.6	40.6	 8.0
1	1959	11	  1.3	  3.4	  9.4	22	 -1.2	 -9.2	13	 78.0	 44.3	 10.5	29	1000.1	5.3	39.9	 7.2
1	1959	12	 -0.0	  2.3	  6.6	11	 -2.6	 -9.9	31	 79.0	 78.4	 12.5	28	 989.1	4.7	20.4	 5.7
1	1960	1	  1.7	  3.6	  8.8	10	 -0.4	 -9.2	1	 84.0	 58.9	 11.3	2	1009.2	6.4	26.5	 6.1
1	1960	2	 -1.4	  1.6	  9.4	7	 -3.8	-11.8	17	 77.0	 37.1	 18.4	7	1011.8	4.5	91.7	 6.0
1	1960	3	  3.2	  5.7	  9.6	25	  0.7	-11.3	3	 80.0	 72.2	 12.8	16	1007.1	5.7	109.9	 7.0
1	1960	4	  4.6	  7.5	  9.6	4	  2.4	 -1.8	15	 80.0	 75.5	 14.0	29	1004.7	6.4	122.2	 6.5
1	1960	5	  8.7	 11.8	 20.6	14	  6.0	 -0.2	3	 76.0	 32.1	  9.6	7	1011.6	6.2	160.8	 6.3
1	1960	6	 10.0	 12.3	 13.9	21	  8.0	  4.9	13	 85.0	 81.3	 15.3	19	1012.1	6.6	116.4	 4.9
1	1960	7	 12.2	 15.4	 20.4	9	  9.5	  6.8	13	 79.0	 42.7	 16.0	23	1007.6	5.3	259.4	 5.0
1	1960	8	 11.2	 14.5	 17.4	21	  8.3	  4.1	17	 80.0	  9.1	  4.6	2	1017.0	4.4	278.3	 3.8
1	1960	9	  9.1	 11.6	 13.9	2	  7.0	  1.1	25	 84.0	 62.6	 11.8	6	1004.7	6.5	92.5	 6.6
1	1960	10	  5.1	  8.2	 13.2	16	  2.7	 -4.7	28	 85.0	 33.0	 14.2	15	1014.4	5.1	119.9	 3.5
1	1960	11	  3.0	  5.2	 10.0	8	  0.6	 -9.1	28	 76.0	 26.8	  8.7	9	 999.2	4.0	77.8	 5.5
1	1960	12	  0.2	  2.7	  8.5	11	 -2.6	 -8.7	19	 82.0	 65.3	 10.6	7	 993.3	5.6	13.3	 8.0
1	1961	1	  1.6	  3.8	  8.3	15	 -0.6	 -9.7	6	 80.0	 81.8	 14.6	12	 997.3	4.9	39.3	 7.9
1	1961	2	  0.7	  3.1	  8.8	22	 -1.9	 -8.9	6	 84.0	 64.4	 12.4	22	 993.8	5.5	55.0	 6.4
1	1961	3	  0.8	  3.6	  9.1	7	 -1.5	 -7.3	26	 84.0	111.5	 11.2	8	1002.8	6.2	79.1	 8.1
1	1961	4	  2.4	  5.4	 12.4	28	 -0.3	-12.7	2	 74.0	 22.5	  7.5	5	1007.6	5.4	169.9	 5.9
1	1961	5	  8.2	 10.9	 13.9	29	  5.8	 -0.5	24	 80.0	 27.1	  5.6	28	1013.1	6.6	132.6	 5.6
1	1961	6	  9.1	 11.8	 13.4	28	  6.5	  3.8	2	 75.0	 27.2	  5.7	30	1002.0	5.9	188.6	 4.9
1	1961	7	 10.8	 13.3	 17.4	25	  8.4	  5.3	28	 81.0	 43.0	 11.4	11	1010.7	5.7	211.2	 4.3
1	1961	8	 10.4	 13.2	 15.5	14	  7.9	  4.1	5	 81.0	 51.3	 12.5	23	1003.8	6.0	143.1	 5.0
1	1961	9	  9.3	 12.2	 16.5	9	  7.2	  0.3	24	 79.0	 67.6	 13.0	22	 996.4	6.3	104.4	 6.4
1	1961	10	  5.6	  8.1	 11.6	13	  3.5	 -2.4	28	 82.0	 85.8	  8.4	19	 997.6	5.5	76.1	 5.8
1	1961	11	  1.9	  4.3	 10.3	12	 -0.6	 -6.7	26	 82.0	 96.4	 15.9	27	1002.6	5.6	25.5	 7.4
1	1961	12	 -1.4	  1.0	  9.1	19	 -4.2	-16.8	28	 79.0	 41.4	 20.1	12	1012.9	4.8	20.3	 5.3
1	1962	1	  0.6	  3.0	  8.4	29	 -1.8	 -8.6	18	 82.0	118.5	 17.6	25	 987.9	5.8	23.1	 8.0
1	1962	2	  0.3	  2.9	  8.6	23	 -2.9	 -9.7	13	 81.0	 74.4	 12.9	15	1008.9	6.5	38.7	 9.2
1	1962	3	 -1.7	  1.3	  8.3	18	 -4.2	-10.4	13	 67.0	  2.3	  1.2	23	1024.4	3.6	192.6	 5.8
1	1962	4	  4.1	  7.0	 13.3	27	  1.6	 -7.5	6	 78.0	 92.4	 22.5	14	1009.8	6.1	136.0	 6.9
1	1962	5	  6.7	  9.7	 14.5	11	  3.8	 -1.4	5	 75.0	 28.3	  6.3	27	1016.6	5.8	213.6	 5.3
1	1962	6	  9.2	 11.7	 14.0	18	  7.1	  4.4	17	 82.0	 55.9	 14.5	29	1008.8	6.5	119.2	 6.0
1	1962	7	 10.9	 13.7	 19.1	21	  8.6	  5.4	2	 83.0	 28.9	  7.0	15	1015.8	5.8	186.5	 4.5
1	1962	8	 10.7	 13.8	 16.8	2	  7.9	  2.7	12	 78.0	 26.7	 10.0	31	1007.4	5.9	179.0	 4.3
1	1962	9	  7.9	 10.3	 14.6	3	  5.6	 -1.0	11	 80.0	 59.7	 18.4	19	1005.7	5.9	128.4	 6.8
1	1962	10	  5.2	  7.4	 11.6	1	  3.3	 -6.3	31	 84.0	 97.4	 20.2	27	1003.1	6.6	41.2	 6.5
1	1962	11	  1.0	  3.3	  9.4	10	 -2.2	 -8.5	17	 81.0	 61.3	 14.3	10	1009.0	5.6	46.1	 6.2
1	1962	12	  0.8	  3.1	  9.4	2	 -1.9	-11.0	12	 83.0	118.3	 16.0	20	1004.6	6.0	 6.4	 7.5
1	1963	1	 -0.2	  1.8	  7.7	28	 -2.9	-11.5	12	 83.0	 56.1	 13.8	24	1026.9	5.8	37.1	 5.2
1	1963	2	  2.0	  4.0	  9.0	28	  0.1	-10.6	5	 78.0	 42.4	 10.5	28	1010.0	6.0	41.7	 6.2
1	1963	3	  4.7	  7.5	  9.1	2	  2.4	 -1.1	26	 76.0	 71.9	 18.3	4	 997.5	5.9	108.8	 5.6
1	1963	4	  4.1	  7.3	 11.9	22	  1.4	-12.5	11	 80.0	 51.3	 10.7	26	1008.0	6.4	115.4	 6.5
1	1963	5	  5.2	  8.4	 13.4	12	  2.2	 -3.3	6	 80.0	 43.2	  7.0	30	1001.4	5.8	207.9	 7.2
1	1963	6	 10.0	 12.6	 19.3	7	  7.7	  4.3	2	 82.0	 30.9	  9.6	16	1013.6	6.6	160.0	 4.1
1	1963	7	 10.1	 13.2	 18.7	9	  7.5	  1.4	25	 81.0	 39.5	  9.3	21	1010.6	5.8	208.6	 5.6
1	1963	8	 10.0	 12.9	 16.3	11	  7.5	  4.8	24	 79.0	 10.2	  2.2	19	1010.3	6.0	151.5	 4.5
1	1963	9	  6.2	  8.9	 13.5	3	  3.8	 -0.9	28	 80.0	 95.2	 28.5	19	1001.4	5.7	123.3	 6.3
1	1963	10	  5.5	  7.8	 12.0	26	  3.5	  0.0	10	 85.0	 91.2	  7.6	8	 992.3	6.4	60.5	 6.4
1	1963	11	 -1.0	  1.5	  8.5	29	 -3.6	-11.6	23	 74.0	 67.8	 20.1	29	1003.8	4.6	63.7	 6.7
1	1963	12	  2.2	  4.5	  8.6	11	 -0.1	 -7.6	27	 84.0	 64.5	 16.2	11	1010.7	6.2	 4.7	 5.2
1	1964	1	  3.6	  6.1	  9.9	19	  1.2	-10.0	31	 84.0	146.7	 19.7	26	1005.4	6.4	 7.2	 8.5
1	1964	2	  3.6	  6.1	  9.2	27	  1.1	-12.5	5	 81.0	 53.6	 15.5	13	1007.1	6.0	48.0	 6.0
1	1964	3	  5.8	  8.2	 11.7	28	  3.5	 -3.6	25	 80.0	 71.0	 16.3	13	1006.3	6.4	70.8	 7.2
1	1964	4	  4.4	  7.7	 12.5	25	  1.8	 -3.2	18	 76.0	 36.8	  6.2	17	1009.0	5.4	171.4	 4.9
1	1964	5	  7.9	 10.8	 13.4	3	  5.2	  1.5	14	 73.0	 22.7	  4.0	20	1006.2	5.7	192.8	 5.2
1	1964	6	  9.5	 11.9	 15.2	11	  7.2	  4.6	27	 76.0	 73.2	 12.3	14	1010.0	5.8	197.3	 6.3
1	1964	7	 10.3	 12.6	 14.6	8	  8.1	  3.2	28	 82.0	 76.7	 10.9	1	1004.2	6.5	136.8	 6.0
1	1964	8	  9.8	 12.7	 18.3	9	  6.8	  1.0	25	 76.0	 21.2	 10.7	30	1015.2	5.2	236.9	 5.9
1	1964	9	  6.9	  9.6	 13.0	1	  4.5	 -2.6	20	 78.0	 33.4	 13.4	1	1007.9	5.2	124.4	 4.5
1	1964	10	  5.4	  8.0	 12.9	4	  3.0	 -3.1	8	 82.0	101.5	 15.6	4	1002.9	5.8	87.5	 6.7
1	1964	11	  3.1	  5.2	 10.4	8	  1.3	-10.3	17	 84.0	 85.2	 19.3	30	1002.6	6.0	16.7	 6.2
1	1964	12	 -1.6	  1.4	  8.4	18	 -4.9	-14.0	13	 81.0	 63.1	 11.6	29	1001.4	5.0	15.3	 7.3
1	1965	1	 -0.5	  2.2	  8.6	26	 -3.3	-12.7	16	 81.0	 55.0	 12.6	6	 999.4	5.4	37.8	 5.9
1	1965	2	  4.1	  6.1	  9.4	16	  2.1	 -8.2	12	 86.0	 47.3	 16.1	3	1028.1	6.7	36.7	 6.7
1	1965	3	 -0.1	  3.6	 13.0	31	 -3.3	-11.4	24	 73.0	 13.4	  5.8	6	1012.2	4.6	149.8	 5.1
1	1965	4	  3.5	  6.8	 14.7	30	  0.6	 -7.2	12	 79.0	 54.0	  9.6	15	1003.8	5.5	189.3	 5.2
1	1965	5	  8.0	 11.2	 14.3	25	  4.9	 -0.3	4	 75.0	 13.0	  6.2	22	1016.5	6.0	184.9	 4.1
1	1965	6	  9.4	 12.1	 16.6	14	  6.8	  3.1	7	 79.0	 48.8	  8.1	23	1007.0	6.4	148.3	 4.3
1	1965	7	 11.1	 13.6	 16.6	21	  8.9	  2.7	26	 81.0	 30.4	  6.3	22	1014.4	5.9	179.7	 4.3
1	1965	8	 10.4	 13.2	 16.9	9	  7.7	  1.6	27	 77.0	 30.7	  5.0	17	1005.8	5.4	220.0	 5.2
1	1965	9	  7.3	 10.2	 12.8	19	  4.4	 -0.5	10	 80.0	 72.3	 14.3	1	1006.1	5.2	150.8	 4.4
1	1965	10	  7.1	  9.2	 12.3	23	  4.9	 -1.9	31	 85.0	146.4	 35.7	20	1002.9	6.3	57.1	 6.7
1	1965	11	  0.6	  2.9	 10.0	4	 -1.7	-11.6	30	 75.0	 58.0	 20.2	11	1017.7	3.9	64.3	 6.2
1	1965	12	 -1.3	  0.8	  7.8	15	 -4.1	-13.5	26	 76.0	 40.8	 22.8	16	 997.5	4.8	14.5	 6.1
1	1966	1	 -1.2	  1.0	  8.5	6	 -3.7	-16.6	24	 76.0	 57.5	 22.2	5	1009.2	5.6	42.7	 6.2
1	1966	2	 -1.2	  1.8	  6.7	4	 -3.9	-10.9	25	 68.0	  4.9	  3.3	11	1006.8	3.7	117.9	 5.2
1	1966	3	 -0.1	  2.8	  7.6	18	 -2.7	-11.3	31	 79.0	 87.8	 14.8	18	1006.1	5.7	147.4	 5.5
1	1966	4	  3.4	  6.4	 10.8	30	  0.8	 -4.8	1	 78.0	 54.1	  8.8	21	1007.9	6.1	139.5	 5.3
1	1966	5	  6.0	  9.1	 12.1	26	  3.1	 -3.7	8	 76.0	 51.4	  8.5	31	1007.7	5.6	236.2	 5.5
1	1966	6	 10.2	 12.6	 16.7	19	  8.1	  4.4	11	 81.0	 53.0	 10.2	3	1007.2	6.7	142.7	 5.3
1	1966	7	 11.1	 13.6	 17.7	31	  8.8	  4.8	29	 80.0	 83.0	 34.1	22	1010.7	5.8	238.0	 5.9
1	1966	8	 11.2	 14.0	 19.7	1	  8.4	  2.2	20	 80.0	 56.6	 31.0	25	1013.8	5.6	207.9	 5.3
1	1966	9	  8.7	 11.0	 13.0	1	  6.6	  0.6	8	 81.0	 57.5	 12.0	18	1008.0	6.6	71.9	 5.2
1	1966	10	  3.5	  6.7	 10.3	6	  0.6	 -5.6	4	 77.0	 39.5	 17.5	30	1013.2	4.0	148.1	 5.0
1	1966	11	  0.6	  3.5	  9.6	18	 -2.6	 -9.5	30	 80.0	104.1	 12.9	11	1006.2	6.1	31.7	 7.5
1	1966	12	 -1.6	  0.8	  6.5	4	 -4.2	-11.6	3	 80.0	 61.3	  6.9	8	 994.0	5.6	17.4	 7.8
1	1967	1	  1.6	  3.8	  8.8	14	 -1.0	 -9.8	3	 80.0	 52.1	 12.1	15	1011.0	5.4	42.2	 5.6
1	1967	2	  1.8	  4.1	  8.6	14	 -0.4	-10.4	27	 79.0	 63.5	 11.5	14	 992.4	6.3	41.4	 8.6
1	1967	3	 -2.6	  0.2	  6.2	18	 -5.3	-11.3	29	 75.0	 55.9	  9.0	24	 995.9	5.8	133.3	 7.2
1	1967	4	  1.9	  5.1	  9.3	7	 -0.7	-11.7	17	 79.0	 60.1	 10.4	14	1009.3	6.4	114.2	 7.7
1	1967	5	  5.7	  9.2	 15.2	28	  1.9	 -6.5	1	 70.0	 25.8	 15.8	16	1014.5	4.0	317.3	 4.1
1	1967	6	  8.9	 11.1	 13.4	13	  6.6	  2.4	7	 78.0	 66.5	  9.4	24	1006.6	6.5	139.7	 6.5
1	1967	7	 10.7	 13.7	 17.0	17	  7.6	  3.2	29	 76.0	 33.6	 21.5	9	1007.8	4.9	256.4	 5.3
1	1967	8	 10.4	 13.0	 16.2	1	  7.8	  5.3	4	 80.0	 71.3	 18.5	22	1008.5	5.8	164.1	 4.8
1	1967	9	  8.3	 11.3	 16.2	11	  5.8	  1.4	5	 82.0	108.7	 40.9	16	1004.3	5.8	125.4	 4.2
1	1967	10	  3.0	  5.4	 10.4	6	  0.5	 -9.4	17	 76.0	 46.1	 15.6	1	 995.5	4.8	116.3	 5.7
1	1967	11	  0.6	  3.4	  9.8	18	 -2.7	 -9.8	29	 77.0	 80.0	 16.1	21	1003.0	5.5	51.9	 7.5
1	1967	12	 -0.7	  1.7	  8.0	2	 -3.4	-12.0	7	 81.0	171.5	 44.7	11	1008.7	5.9	15.8	 6.6
1	1968	1	 -1.3	  1.3	  6.7	22	 -3.9	-15.6	4	 79.0	 76.6	  8.7	26	1001.5	5.5	19.5	 7.8
1	1968	2	 -1.1	  1.7	  8.4	28	 -4.1	-12.4	2	 80.0	 90.7	 37.8	27	1009.2	5.7	58.6	 6.1
1	1968	3	 -0.9	  1.9	  7.4	12	 -3.3	-14.6	31	 81.0	109.7	 21.0	16	1000.2	6.0	104.9	 7.9
1	1968	4	  2.8	  5.7	 10.4	16	 -0.0	-16.4	1	 80.0	 62.3	  8.5	25	1013.7	5.6	157.2	 5.8
1	1968	5	  5.5	  8.6	 15.9	25	  2.2	 -6.0	4	 73.0	 25.9	  6.5	31	1020.3	4.9	279.1	 5.4
1	1968	6	  9.3	 12.0	 14.6	19	  6.8	  2.0	24	 80.0	 40.8	 13.1	2	1006.7	6.2	152.0	 6.0
1	1968	7	 11.7	 14.3	 18.4	14	  9.5	  5.9	11	 84.0	 36.4	  6.6	20	1020.0	5.6	201.7	 4.8
1	1968	8	 10.4	 13.0	 16.1	11	  8.0	  3.0	16	 81.0	 60.4	 10.1	9	1011.9	6.0	159.2	 5.8
1	1968	9	  9.7	 12.4	 18.5	10	  7.5	 -0.5	30	 81.0	 47.2	 11.1	21	1007.9	6.3	92.7	 4.7
1	1968	10	  3.2	  6.1	 11.9	19	  0.7	-10.4	31	 76.0	 49.4	 10.6	20	1009.7	5.0	96.4	 4.4
1	1968	11	  4.8	  6.5	 11.3	18	  2.5	-10.0	2	 83.0	 76.6	 13.0	5	1004.5	6.1	26.9	 7.2
1	1968	12	  0.5	  2.7	 10.3	7	 -2.1	-13.1	24	 82.0	 98.0	 16.8	7	1007.8	5.1	23.2	 6.0
1	1969	1	 -1.7	  1.1	  8.6	22	 -4.6	-14.6	15	 72.0	 35.1	 14.8	1	1009.3	4.7	41.8	 7.2
1	1969	2	 -2.9	  0.0	  7.7	28	 -6.1	-17.6	7	 78.0	 61.0	 13.2	4	1015.6	5.2	71.9	 5.5
1	1969	3	  0.6	  3.5	  8.3	16	 -2.4	-16.4	9	 82.0	131.3	 28.6	17	1011.9	6.2	80.7	 6.1
1	1969	4	  2.5	  6.1	 10.0	18	 -0.7	 -8.5	26	 78.0	 87.1	 12.2	20	1008.2	5.4	175.6	 7.0
1	1969	5	  6.8	 10.0	 16.0	27	  3.8	 -2.4	13	 77.0	 26.1	 10.2	20	1017.3	5.4	201.5	 4.1
1	1969	6	 10.0	 12.5	 15.8	18	  8.0	  2.2	13	 82.0	 94.6	 21.3	5	1007.3	7.0	105.8	 5.0
1	1969	7	 10.1	 12.4	 14.7	25	  8.0	  4.9	22	 79.0	 60.8	 16.3	2	1004.4	6.3	152.5	 5.9
1	1969	8	 11.5	 13.9	 19.9	5	  9.6	  6.6	22	 85.0	 80.1	 10.5	8	1008.6	6.8	93.2	 6.2
1	1969	9	  6.1	  8.5	 12.1	17	  4.1	 -3.1	30	 83.0	115.7	 18.2	8	1004.0	5.9	109.1	 6.0
1	1969	10	  5.3	  7.2	 10.2	7	  3.4	 -4.1	1	 83.0	102.3	 13.2	22	 996.5	6.7	32.8	 6.9
1	1969	11	 -1.2	  1.6	  5.6	17	 -3.9	-10.5	14	 77.0	 33.8	  7.6	5	1005.5	4.9	56.6	 6.0
1	1969	12	  0.4	  2.9	  7.5	27	 -2.3	-13.5	11	 82.0	104.9	 15.7	8	1001.5	5.9	 8.3	 6.2
1	1970	1	  0.7	  2.8	  7.6	20	 -1.3	-13.6	8	 77.0	 51.3	 16.7	17	 998.8	5.2	36.6	 6.7
1	1970	2	 -2.0	  0.5	  5.4	28	 -4.9	-12.4	15	 77.0	 74.9	 14.3	6	1004.0	4.7	101.2	 6.4
1	1970	3	 -1.6	  1.6	  6.3	15	 -4.1	-10.9	26	 78.0	109.1	 20.4	29	1013.9	5.1	141.1	 6.3
1	1970	4	  2.7	  5.4	  9.5	15	  0.4	 -5.6	28	 81.0	 43.9	 14.4	15	1009.1	6.1	138.0	 4.5
1	1970	5	  6.6	  9.1	 15.1	11	  4.4	 -0.3	21	 82.0	 98.7	 14.5	27	1005.7	6.6	119.3	 5.7
1	1970	6	  8.9	 11.4	 16.5	22	  6.9	  1.7	5	 81.0	 68.4	 16.3	15	1010.9	6.9	119.5	 5.9
1	1970	7	  9.5	 12.7	 16.8	22	  6.7	  4.1	5	 77.0	 27.3	  7.3	4	1007.3	4.8	286.1	 5.7
1	1970	8	 10.3	 12.7	 17.1	23	  8.4	  5.4	31	 85.0	 79.3	 24.2	25	1007.8	6.7	104.4	 5.7
1	1970	9	  7.7	 10.2	 13.4	26	  5.3	  1.0	20	 80.0	 61.2	 16.1	29	1003.6	5.7	125.2	 6.5
1	1970	10	  3.9	  6.0	 13.6	13	  1.6	-10.6	27	 78.0	118.0	 33.3	17	1006.9	5.6	74.6	 6.2
1	1970	11	  0.1	  2.4	  6.7	8	 -2.2	 -8.6	25	 76.0	 21.2	  6.5	8	1003.5	5.0	55.8	 5.7
1	1970	12	  2.0	  4.6	  8.8	10	 -0.7	 -9.2	20	 84.0	 91.7	 15.0	15	1011.8	6.2	10.3	 7.1
1	1971	1	 -3.1	 -0.5	  7.8	12	 -5.9	-19.7	30	 72.0	 32.1	 10.3	27	 999.8	4.2	64.5	 5.2
1	1971	2	  0.7	  3.1	  9.0	25	 -1.7	 -8.3	19	 82.0	 99.8	 17.2	10	 997.2	6.3	42.7	 7.9
1	1971	3	  1.4	  3.8	  8.3	4	 -0.7	 -8.1	19	 82.0	 83.4	 16.1	22	1008.8	5.9	93.8	 5.9
1	1971	4	  3.8	  6.4	  9.6	23	  1.5	 -4.3	18	 78.0	 44.4	 13.2	10	1011.9	6.6	95.5	 7.0
1	1971	5	  6.8	  9.3	 12.4	10	  4.7	  0.4	26	 81.0	 60.3	  8.2	22	1006.0	6.3	133.9	 5.5
1	1971	6	  9.6	 12.5	 15.8	10	  6.8	  3.5	25	 75.0	  2.1	  1.0	29	1018.5	5.3	264.5	 5.7
1	1971	7	 11.2	 13.5	 15.5	3	  9.2	  6.9	8	 83.0	 92.4	 23.3	15	1013.4	6.2	183.6	 4.7
1	1971	8	 10.3	 12.9	 15.7	12	  7.7	  1.9	28	 77.0	 42.7	 12.3	25	1005.0	5.5	196.7	 6.2
1	1971	9	  8.2	 11.1	 18.2	11	  5.9	 -3.2	23	 82.0	 65.2	  8.2	21	1007.9	6.1	108.9	 5.8
1	1971	10	  4.1	  6.7	 12.5	26	  1.7	 -7.8	12	 81.0	 86.0	 19.8	15	1002.6	5.3	113.2	 6.6
1	1971	11	  0.8	  3.4	  8.4	14	 -1.5	 -9.9	18	 82.0	101.2	 18.0	1	1008.2	6.1	27.4	 7.3
1	1971	12	  0.6	  3.5	  8.2	30	 -2.4	 -9.5	13	 83.0	 87.1	 12.1	31	 997.9	6.5	 2.7	 8.4
1	1972	1	  3.1	  5.1	  8.7	29	  0.9	 -8.9	24	 79.0	148.9	 26.3	17	 995.0	6.5	15.7	 9.7
1	1972	2	  2.5	  4.8	  8.9	20	  0.4	-10.7	15	 79.0	100.0	 21.0	23	 998.6	6.3	54.2	 7.4
1	1972	3	  2.2	  4.8	  8.8	16	 -0.3	 -6.1	30	 78.0	122.6	 30.1	3	 998.8	5.7	110.2	 7.9
1	1972	4	  3.5	  6.4	 12.8	21	  1.2	 -6.0	4	 79.0	 76.6	 14.6	16	1007.4	5.6	160.1	 6.5
1	1972	5	  8.1	 11.1	 16.3	25	  5.6	 -4.0	1	 75.0	 48.6	 11.5	5	1009.2	6.4	150.5	 6.6
1	1972	6	  9.1	 12.2	 14.5	22	  6.6	  3.1	17	 75.0	 39.2	  6.8	16	1002.7	5.6	232.4	 6.5
1	1972	7	 10.1	 12.1	 15.2	1	  8.7	  6.8	23	 84.0	 47.7	  8.7	18	1008.2	7.1	97.7	 5.3
1	1972	8	  9.5	 12.1	 14.8	12	  7.3	  4.4	23	 81.0	 68.5	 10.3	26	1009.1	5.9	167.7	 7.0
1	1972	9	  8.2	 10.4	 12.4	14	  6.2	  0.0	8	 85.0	105.2	 22.4	4	1013.1	6.2	95.2	 6.2
1	1972	10	  4.8	  6.9	 10.4	12	  2.6	 -1.5	10	 84.0	101.5	 21.6	12	1006.8	6.4	59.1	 6.4
1	1972	11	  0.5	  2.4	  8.6	25	 -1.6	 -9.1	22	 78.0	 60.0	 10.0	25	1000.2	5.6	41.0	 8.1
1	1972	12	  1.4	  3.8	  9.3	18	 -1.0	 -4.4	8	 80.0	108.8	 14.0	26	 987.6	5.7	13.6	 8.4
1	1973	1	  3.1	  5.1	  9.5	10	  1.1	 -6.1	26	 85.0	123.1	 13.7	23	 996.7	6.7	11.3	 8.0
1	1973	2	 -1.7	  1.0	  7.7	3	 -4.6	-12.0	24	 80.0	 96.0	 22.1	28	 997.4	6.2	32.9	10.0
1	1973	3	  1.5	  4.2	  7.6	21	 -0.7	-10.1	31	 85.0	106.8	 12.4	3	1001.6	6.0	82.4	 7.4
1	1973	4	  3.0	  5.1	 10.2	18	  0.8	 -9.4	1	 85.0	 79.3	 14.4	4	1020.7	6.4	82.1	 6.1
1	1973	5	  5.0	  7.7	 11.2	18	  2.2	 -3.6	2	 77.0	 30.4	  6.0	16	1014.8	4.9	256.0	 6.1
1	1973	6	  8.1	 10.6	 13.6	29	  5.6	  0.1	11	 79.0	 37.3	  6.3	16	1005.6	5.8	198.4	 6.4
1	1973	7	 10.3	 12.5	 15.5	14	  8.2	  3.9	8	 83.0	 51.4	 20.3	12	1010.2	6.2	168.3	 5.1
1	1973	8	 10.3	 12.7	 15.6	22	  8.2	  2.5	19	 81.0	 76.1	 17.0	29	1006.5	5.9	146.5	 5.8
1	1973	9	  8.8	 11.1	 14.6	12	  6.8	  0.3	28	 82.0	 98.0	 22.2	24	1007.3	6.3	96.5	 5.5
1	1973	10	  4.8	  7.4	 11.9	6	  2.5	 -5.2	17	 80.0	136.7	 24.2	29	1010.7	5.8	87.2	 6.5
1	1973	11	 -1.3	  1.3	  8.8	7	 -4.0	-12.7	16	 75.0	 75.2	 31.6	7	1010.7	5.4	48.7	 6.4
1	1973	12	 -3.6	 -0.6	  8.0	2	 -6.3	-15.0	18	 74.0	 41.6	  8.4	2	1004.9	5.4	11.9	 6.8
1	1974	1	  0.9	  3.3	  7.5	19	 -1.6	 -7.0	1	 80.0	 75.9	  8.9	1	 977.7	6.2	 8.7	 7.2
1	1974	2	 -0.3	  2.4	  7.5	26	 -3.0	-11.3	16	 73.0	 72.1	 16.3	18	 996.7	5.2	76.3	 7.6
1	1974	3	  3.8	  5.9	  9.2	30	  1.4	 -6.3	2	 78.0	134.0	 36.8	6	1004.4	6.6	65.3	 8.1
1	1974	4	  6.3	  8.0	 10.2	20	  4.6	 -1.1	3	 86.0	 63.2	 13.4	8	1013.8	7.3	57.2	 7.6
1	1974	5	  8.0	 10.9	 14.8	16	  5.5	  0.5	28	 75.0	 23.0	  5.0	31	1011.1	6.1	162.2	 5.8
1	1974	6	  9.2	 11.9	 18.6	23	  6.9	  4.1	17	 79.0	 59.5	 13.6	10	1008.3	6.2	154.3	 4.8
1	1974	7	 11.2	 14.4	 18.8	13	  8.6	  6.0	5	 75.0	 31.4	 12.3	18	1007.4	5.2	260.8	 5.2
1	1974	8	 10.0	 12.9	 16.3	5	  7.5	  1.0	27	 78.0	 64.2	 10.9	8	1008.1	5.6	192.2	 5.3
1	1974	9	  5.8	  8.5	 13.7	3	  3.6	 -4.4	24	 76.0	 43.2	  6.4	13	1002.6	5.4	142.2	 6.0
1	1974	10	  4.7	  7.0	 10.5	14	  2.8	 -5.7	28	 82.0	125.7	 22.7	23	1011.5	6.1	83.8	 6.2
1	1974	11	  2.3	  4.1	  9.8	4	  0.6	 -2.8	17	 81.0	 57.8	 20.2	30	 999.5	5.7	31.6	 5.6
1	1974	12	 -2.3	  0.3	  7.0	30	 -4.7	-13.8	22	 74.0	 40.8	 10.0	8	 992.5	6.0	 1.0	 7.1
1	1975	1	 -2.8	 -0.2	  6.8	2	 -5.5	-10.7	7	 70.0	 30.7	 11.6	2	 988.9	5.6	27.4	 8.2
1	1975	2	  2.9	  4.8	  7.8	3	  0.7	 -2.8	13	 82.0	 79.7	 12.3	2	1002.4	6.8	15.8	 8.5
1	1975	3	  0.5	  3.2	  7.9	19	 -2.0	-11.4	26	 79.0	 52.6	 10.9	21	1008.6	6.2	92.2	 7.0
1	1975	4	  2.3	  5.3	 11.3	18	  0.0	 -8.5	8	 77.0	 41.8	  7.4	23	1012.9	6.1	147.1	 6.7
1	1975	5	  5.8	  9.0	 17.2	23	  3.2	 -5.1	11	 77.0	 33.1	  7.4	9	1020.5	5.3	226.7	 6.0
1	1975	6	  7.9	 10.7	 15.3	9	  5.3	 -0.6	6	 77.0	 57.7	 11.5	28	1012.9	6.5	154.0	 6.5
1	1975	7	  9.5	 12.2	 16.8	25	  7.6	  5.3	30	 83.0	 40.3	 13.0	31	1007.4	6.7	123.5	 5.1
1	1975	8	 10.2	 12.8	 17.3	5	  8.5	  4.1	21	 87.0	 73.9	  8.6	2	1009.2	7.0	92.8	 5.2
1	1975	9	  5.6	  8.5	 12.7	3	  3.4	 -3.3	29	 77.0	 92.3	 18.8	22	1001.6	4.8	186.9	 5.5
1	1975	10	  6.6	  8.7	 11.2	24	  4.8	 -0.5	4	 84.0	 55.3	  7.4	19	1006.2	6.5	58.3	 5.9
1	1975	11	  1.9	  4.4	 10.4	7	 -0.3	 -6.6	16	 81.0	120.5	 23.7	23	1000.5	5.8	26.8	 7.2
1	1975	12	 -0.5	  2.8	  7.8	26	 -3.5	-12.5	17	 81.0	119.0	 23.7	26	1005.8	6.7	 4.9	 8.5
1	1976	1	 -2.4	  0.4	  5.5	17	 -5.4	-13.5	12	 81.0	 77.7	 13.2	17	 999.1	6.1	15.8	 6.8
1	1976	2	  0.3	  3.2	  8.2	20	 -2.4	 -8.6	29	 80.0	121.3	 16.7	20	 993.6	6.6	32.4	 8.7
1	1976	3	  1.1	  3.5	  7.9	3	 -1.3	-11.3	1	 80.0	129.6	 28.8	17	 993.4	6.3	96.3	 9.5
1	1976	4	  2.9	  5.3	  9.8	22	  0.7	 -6.5	11	 81.0	 43.8	 14.4	8	1011.9	6.8	77.7	 6.9
1	1976	5	  6.0	  9.4	 16.9	31	  3.3	 -5.0	4	 73.0	 61.1	 12.8	7	1004.1	5.6	211.6	 5.4
1	1976	6	  9.4	 12.4	 15.4	20	  7.0	  3.6	12	 78.0	 57.3	  7.6	29	1006.2	6.5	154.4	 6.3
1	1976	7	 11.4	 14.3	 24.3	9	  9.3	  5.4	30	 84.0	 54.9	 11.2	27	1012.2	6.7	127.3	 4.6
1	1976	8	  9.4	 11.6	 15.4	28	  7.6	  4.6	21	 85.0	149.0	 18.3	15	1010.5	7.0	87.8	 6.2
1	1976	9	  8.4	 11.1	 14.4	22	  5.9	  1.5	9	 82.0	 48.9	 12.1	12	1017.6	5.4	141.6	 4.8
1	1976	10	  5.8	  8.1	 12.8	3	  3.7	 -1.1	29	 79.0	 72.8	 16.4	30	 995.4	5.8	87.0	 5.6
1	1976	11	  2.9	  5.3	 10.0	19	  0.5	 -5.4	29	 75.0	 72.4	 12.9	14	1000.0	5.3	39.8	 6.2
1	1976	12	 -1.4	  1.1	  8.6	12	 -3.7	-13.2	31	 75.0	 22.6	  4.9	12	1012.1	4.2	30.2	 5.5
1	1977	1	 -1.9	  0.5	  8.6	3	 -4.5	 -9.5	11	 72.0	 27.5	  8.2	3	1010.6	4.2	60.4	 5.4
1	1977	2	  0.2	  2.6	  5.7	6	 -2.1	 -6.8	3	 68.0	 19.2	 13.6	18	1006.3	4.2	100.0	 4.7
1	1977	3	  3.1	  5.7	  8.6	7	  1.1	 -5.5	30	 77.0	 41.4	 15.2	29	1004.9	5.7	115.3	 4.9
1	1977	4	  1.8	  4.4	  7.6	26	 -0.9	 -7.2	14	 76.0	 43.3	  9.4	12	1009.3	5.4	196.5	 4.9
1	1977	5	  6.8	  9.6	 13.9	26	  4.2	 -1.8	14	 77.0	 24.3	  4.6	18	1019.3	6.2	147.9	 5.2
1	1977	6	  8.3	 11.0	 13.9	30	  5.8	 -0.2	7	 77.0	 77.2	 30.6	29	1014.4	6.1	174.0	 4.6
1	1977	7	 11.1	 13.6	 17.9	21	  9.1	  6.9	11	 84.0	 82.2	 17.9	9	1011.4	7.0	99.9	 4.1
1	1977	8	 10.6	 13.4	 19.5	13	  8.2	  1.5	31	 79.0	 57.2	 25.4	28	1011.8	5.9	167.5	 5.1
1	1977	9	  7.3	  9.9	 13.1	19	  5.2	  0.1	3	 78.0	 87.3	 17.4	13	1007.0	6.3	104.2	 5.8
1	1977	10	  5.0	  7.6	 11.4	14	  2.8	 -2.3	9	 80.0	 54.7	  8.2	22	 996.9	5.8	112.3	 4.1
1	1977	11	 -0.7	  1.9	  8.0	26	 -3.5	 -8.6	17	 77.0	 41.0	 10.2	18	1002.6	5.1	61.0	 5.2
1	1977	12	  1.4	  3.8	  9.5	4	 -1.5	-14.7	18	 79.0	 76.3	 12.5	5	 999.6	6.7	 6.6	 6.7
1	1978	1	 -2.0	  0.5	  7.0	14	 -4.7	-11.0	2	 78.0	 73.7	 16.7	30	 996.9	6.1	27.8	 5.9
1	1978	2	 -0.8	  1.4	  4.9	6	 -2.7	-10.6	14	 76.0	 20.3	  6.5	1	1008.9	6.0	60.1	 4.4
1	1978	3	  1.3	  3.6	  7.5	18	 -0.9	-10.0	4	 73.0	 57.6	 11.9	12	 991.6	6.2	94.8	 6.4
1	1978	4	  4.1	  7.2	 11.2	17	  1.5	 -7.1	9	 74.0	 20.2	  3.5	4	1017.8	6.0	152.1	 5.3
1	1978	5	  5.9	  8.7	 13.6	7	  3.5	 -0.1	3	 76.0	 84.8	 18.0	20	1009.5	6.6	162.2	 5.9
1	1978	6	  7.8	 10.8	 13.2	28	  5.6	  1.5	5	 76.0	 37.6	  7.8	26	1009.9	6.2	194.8	 5.2
1	1978	7	 11.0	 14.3	 17.7	23	  8.6	  6.3	1	 79.0	 18.8	  4.1	16	1013.2	6.2	184.8	 3.2
1	1978	8	 11.1	 13.6	 16.3	9	  9.3	  5.0	16	 84.0	 56.0	  9.1	30	1012.0	6.8	85.7	 3.8
1	1978	9	  7.8	 10.8	 14.7	7	  5.3	 -2.3	30	 77.0	 37.4	  9.9	13	1004.6	5.4	154.5	 4.3
1	1978	10	  4.4	  6.8	  9.8	26	  1.9	 -5.1	20	 78.0	115.2	 17.8	19	1003.5	6.2	74.2	 6.6
1	1978	11	  0.4	  3.0	  8.4	7	 -2.6	-10.7	26	 83.0	116.8	 15.0	11	 992.3	6.1	25.7	 5.5
1	1978	12	  1.3	  3.5	 10.7	12	 -0.7	 -9.4	30	 74.0	 29.6	 15.7	31	1005.9	4.7	24.0	 6.0
1	1979	1	 -4.0	 -1.4	  5.3	17	 -6.8	-16.8	31	 76.0	 45.9	 14.5	5	1012.0	4.6	45.0	 5.1
1	1979	2	  0.1	  2.6	  8.3	24	 -2.4	-10.8	1	 80.0	 86.0	 16.4	24	1003.3	6.1	42.0	 6.5
1	1979	3	 -4.0	 -0.8	  3.5	15	 -6.9	-12.6	23	 71.0	 18.4	  5.1	8	1001.6	4.5	183.2	 4.3
1	1979	4	  2.0	  5.0	  9.5	18	 -0.6	 -7.0	1	 76.0	 17.5	  3.5	27	1016.6	5.0	197.0	 5.0
1	1979	5	  2.3	  5.6	 12.1	31	 -1.1	 -6.3	1	 67.0	 10.0	  6.5	13	1014.6	4.6	277.3	 4.5
1	1979	6	  8.0	 10.7	 16.7	3	  5.7	  2.9	14	 82.0	 58.7	 10.0	21	1008.7	6.4	135.3	 5.0
1	1979	7	  9.6	 12.8	 18.6	24	  7.1	  4.0	10	 82.0	 51.2	 16.5	16	1008.6	5.9	166.4	 3.6
1	1979	8	 10.1	 13.5	 16.5	1	  7.2	  3.0	30	 80.0	 26.7	  9.8	28	1008.4	5.2	185.2	 3.7
1	1979	9	  5.5	  8.2	 12.0	4	  3.2	 -1.7	21	 78.0	 81.4	 14.2	16	1003.2	5.7	125.8	 4.4
1	1979	10	  4.7	  7.2	 12.3	1	  2.5	 -2.9	29	 79.0	108.4	 20.1	24	1000.1	5.4	89.0	 5.8
1	1979	11	  0.5	  2.8	  7.8	20	 -1.7	-10.0	11	 80.0	101.5	 22.8	13	 995.5	5.7	41.9	 5.2
1	1979	12	 -0.4	  1.8	  7.8	20	 -2.8	-10.2	7	 80.0	 62.1	 16.1	2	 991.2	5.7	 8.5	 5.6
1	1980	1	 -0.1	  2.1	  8.6	12	 -2.6	 -7.3	1	 76.0	 47.4	 10.8	9	1009.7	4.4	44.5	 6.1
1	1980	2	  1.4	  3.7	  9.0	23	 -0.9	-11.2	3	 80.0	 86.0	 16.9	20	1001.3	6.0	56.6	 7.5
1	1980	3	  0.6	  3.6	  7.3	3	 -2.1	 -7.0	13	 76.0	 72.8	 26.6	15	1007.0	5.4	147.2	 4.7
1	1980	4	  3.5	  6.0	  9.5	30	  1.1	 -4.4	2	 81.0	 99.2	 17.6	15	1008.9	6.4	99.2	 6.9
1	1980	5	  6.7	  9.7	 12.9	23	  4.5	 -3.6	8	 79.0	 29.3	  8.1	16	1018.8	6.3	133.7	 5.8
1	1980	6	  9.3	 12.1	 15.7	20	  6.6	  3.9	1	 78.0	 12.2	  4.3	30	1010.9	5.6	233.1	 3.6
1	1980	7	 10.8	 13.5	 23.7	30	  8.5	  5.9	27	 80.0	 35.1	  5.3	2	1013.4	6.4	150.3	 3.6
1	1980	8	 10.7	 13.3	 19.5	1	  8.3	  5.4	28	 81.0	115.8	 35.8	7	1010.8	5.8	166.4	 3.8
1	1980	9	  8.1	 10.8	 13.6	1	  5.7	  2.1	14	 80.0	 61.8	 10.5	3	1002.2	5.7	134.0	 4.4
1	1980	10	  1.7	  4.3	 10.0	31	 -0.4	 -6.7	19	 75.0	 70.9	 20.2	3	1008.5	5.2	110.6	 5.6
1	1980	11	  0.8	  3.0	  9.7	4	 -1.8	-11.6	28	 78.0	 41.6	 10.8	30	1014.0	5.2	44.7	 5.5
1	1980	12	 -1.3	  1.1	  6.3	4	 -4.1	-14.5	19	 79.0	 74.2	 15.1	8	 997.9	6.3	14.0	 6.8
1	1981	1	 -2.1	  0.8	  7.7	27	 -5.4	-15.7	15	 79.0	 79.4	 14.5	22	1005.0	6.3	15.8	 6.5
1	1981	2	 -1.1	  2.0	  6.5	27	 -3.7	-10.6	10	 80.0	 95.3	 14.0	27	 996.8	6.4	39.4	 7.0
1	1981	3	 -0.9	  1.4	  8.2	28	 -3.0	-10.2	5	 75.0	 44.9	 11.9	10	1002.7	5.7	111.0	 7.1
1	1981	4	  3.8	  6.6	 12.9	18	  1.4	 -5.2	23	 82.0	 89.2	 17.3	7	1018.6	5.9	138.3	 5.2
1	1981	5	  6.6	  9.9	 16.3	26	  3.8	 -4.1	8	 77.0	 46.6	 20.5	4	1010.9	5.8	180.0	 4.1
1	1981	6	  8.8	 11.5	 15.3	3	  6.3	  2.4	6	 80.0	 53.0	 11.9	21	1013.6	6.1	151.8	 4.2
1	1981	7	 10.5	 13.6	 16.4	24	  7.9	  4.3	17	 77.0	 19.3	  6.1	25	1008.6	5.7	195.0	 4.4
1	1981	8	 10.2	 12.7	 14.9	26	  8.1	  4.9	16	 85.0	 78.4	 13.8	10	1007.7	6.6	96.2	 5.4
1	1981	9	  7.4	 10.7	 15.2	11	  5.1	  0.0	22	 73.0	 30.3	 11.9	2	1004.1	5.3	158.9	 4.8
1	1981	10	  0.5	  3.0	  6.3	22	 -2.0	 -7.1	16	 74.0	 43.0	 10.6	18	1008.0	4.5	142.2	 4.1
1	1981	11	 -0.4	  2.1	 10.0	7	 -3.1	-12.1	24	 76.0	 37.7	 12.4	14	1005.4	5.6	30.8	 4.5
1	1981	12	 -2.2	  0.0	  9.0	2	 -4.7	-12.0	23	 69.0	 51.6	 16.3	2	1007.1	4.3	29.1	 5.8
1	1982	1	 -1.5	  1.1	  6.6	12	 -4.0	-13.3	5	 80.0	 98.1	 21.2	13	1006.7	5.5	28.7	 3.7
1	1982	2	  1.9	  4.0	  8.7	19	 -0.5	 -7.4	12	 82.0	135.8	 31.4	5	 986.8	6.4	41.3	 7.0
1	1982	3	  0.2	  3.1	  9.3	23	 -2.2	 -8.5	18	 80.0	 83.5	 12.2	30	 995.0	5.4	107.8	 6.5
1	1982	4	  3.2	  6.1	  9.8	18	  0.8	 -5.4	30	 81.0	 53.6	  9.7	28	1009.1	6.4	107.0	 5.8
1	1982	5	  5.5	  8.9	 13.8	22	  2.4	 -7.7	5	 73.0	 40.7	  8.7	27	1012.4	5.8	161.5	 4.3
1	1982	6	  9.9	 12.6	 17.4	7	  7.3	  4.3	1	 78.0	 49.2	 13.7	3	1017.1	6.5	141.4	 3.0
1	1982	7	 10.7	 13.4	 17.2	2	  8.6	  6.6	20	 84.0	 82.8	 25.8	23	1010.6	6.6	120.1	 4.6
1	1982	8	  9.4	 12.7	 17.6	2	  6.6	  1.0	27	 82.0	 42.8	 11.2	25	1005.5	5.7	168.6	 4.3
1	1982	9	  5.5	  8.7	 11.6	20	  2.9	 -1.7	22	 75.0	 68.7	 11.4	12	1000.3	5.3	162.6	 4.9
1	1982	10	  4.7	  6.9	 11.0	2	  2.6	 -2.2	23	 82.0	 48.0	 11.0	24	 998.6	6.0	64.8	 4.0
1	1982	11	 -0.6	  2.0	  9.5	5	 -3.3	-10.1	26	 77.0	100.4	 17.4	1	 993.6	5.4	37.4	 5.5
1	1982	12	 -1.6	  1.2	  7.9	29	 -4.3	-11.7	18	 77.0	 86.0	 20.3	25	 991.9	5.5	 8.2	 6.2
1	1983	1	 -2.2	  0.4	  7.9	23	 -4.8	-10.8	18	 80.0	126.0	 24.1	4	 986.1	6.8	 2.6	 7.4
1	1983	2	  1.2	  3.3	  8.2	25	 -1.4	 -9.5	2	 82.0	 50.6	  9.0	18	1014.5	6.9	18.7	 6.6
1	1983	3	 -0.5	  2.2	  8.5	1	 -2.9	-10.2	10	 81.0	108.2	 33.0	1	 998.3	6.7	69.8	 5.8
1	1983	4	 -0.1	  3.0	  7.2	28	 -2.7	-10.3	9	 74.0	 32.2	 13.6	13	1013.6	5.2	171.9	 5.2
1	1983	5	  6.2	  9.6	 15.0	29	  3.4	 -0.4	13	 74.0	 16.3	  4.6	3	1014.3	5.7	171.6	 4.4
1	1983	6	  8.0	 10.7	 17.5	29	  5.7	  0.4	1	 83.0	 84.4	 13.4	24	1009.1	6.2	125.1	 5.5
1	1983	7	  8.5	 10.9	 13.8	27	  6.5	  2.8	18	 83.0	 70.4	 13.3	29	1008.6	6.9	89.4	 5.6
1	1983	8	  8.2	 10.6	 13.4	13	  6.2	  2.3	29	 86.0	115.5	 26.7	10	1008.4	6.9	63.4	 5.8
1	1983	9	  6.6	  9.7	 12.6	17	  3.9	 -1.6	29	 76.0	 30.2	 12.2	25	1009.3	5.6	137.8	 4.8
1	1983	10	  3.8	  6.2	 11.6	3	  1.7	 -4.1	20	 76.0	112.0	 28.3	30	 998.1	6.5	55.3	 6.7
1	1983	11	  1.4	  3.6	  9.1	12	 -1.3	 -9.4	28	 84.0	 55.4	  9.4	24	1010.2	6.5	28.9	 5.5
1	1983	12	 -0.2	  2.4	  8.7	1	 -2.5	-10.4	23	 77.0	 86.5	 25.1	7	 997.3	5.7	 8.7	 6.3
1	1984	1	 -4.0	 -1.6	  5.7	28	 -6.8	-13.9	16	 76.0	 66.8	 13.3	5	 989.1	5.7	17.1	 6.6
1	1984	2	 -0.3	  1.9	  7.0	15	 -2.8	 -8.5	29	 83.0	117.3	 19.7	12	 996.2	6.7	17.9	 7.6
1	1984	3	  1.2	  3.1	  7.9	9	 -1.4	 -8.3	2	 80.0	 76.1	 14.9	11	1015.8	6.4	80.8	 7.4
1	1984	4	  2.9	  5.3	 10.5	24	  0.8	 -6.1	16	 80.0	 79.4	 24.9	2	1006.0	6.6	95.7	 8.0
1	1984	5	  5.6	  8.2	 13.3	27	  3.3	 -1.6	4	 79.0	 59.3	 21.6	8	1011.5	6.5	132.2	 6.1
1	1984	6	  9.2	 11.6	 19.5	6	  7.3	  4.3	18	 83.0	 69.7	 20.4	26	1013.1	6.7	136.0	 5.0
1	1984	7	 11.2	 13.7	 19.4	10	  9.3	  6.5	31	 87.0	113.3	 23.0	12	1011.5	6.9	95.9	 4.6
1	1984	8	  9.9	 12.6	 15.1	25	  7.6	  3.1	22	 85.0	130.3	 42.4	10	1008.9	6.5	103.0	 5.5
1	1984	9	  7.4	 10.4	 14.4	5	  5.0	  0.7	24	 79.0	 55.7	 13.8	15	1005.3	5.6	129.6	 5.5
1	1984	10	  3.5	  5.7	 10.1	15	  1.7	 -2.2	31	 78.0	 60.3	 16.8	8	 999.1	5.6	101.4	 5.8
1	1984	11	  1.2	  3.2	  6.5	14	 -1.1	 -5.1	2	 77.0	 56.5	 22.0	27	 998.0	5.3	60.4	 4.7
1	1984	12	  0.4	  2.9	  8.8	11	 -2.2	 -6.4	26	 82.0	132.0	 23.7	16	 993.0	6.0	 9.8	 7.4
1	1985	1	  0.1	  1.9	  8.5	12	 -1.7	 -9.1	31	 76.0	 80.0	 15.8	16	1014.9	5.3	21.5	 6.3
1	1985	2	  1.0	  2.9	  8.8	28	 -1.6	-12.6	1	 76.0	 53.2	 16.1	16	1007.3	5.9	51.5	 6.7
1	1985	3	 -0.3	  2.6	  8.1	1	 -2.6	-11.2	28	 72.0	 82.3	 16.4	1	1007.4	5.0	139.3	 6.8
1	1985	4	  3.6	  6.2	 11.8	5	  1.0	 -5.0	1	 76.0	 63.5	 13.6	17	1008.5	6.3	120.4	 5.0
1	1985	5	  6.8	 10.4	 15.6	21	  4.0	 -1.0	24	 71.0	 12.2	  3.1	29	1015.2	5.7	223.4	 5.6
1	1985	6	  9.3	 12.1	 15.7	27	  7.0	  3.5	3	 78.0	 31.3	  8.6	2	1012.8	6.1	174.3	 4.5
1	1985	7	  9.9	 12.8	 16.5	26	  7.4	  4.0	13	 78.0	 48.6	 10.3	2	1008.1	5.8	213.6	 4.9
1	1985	8	 10.6	 14.1	 18.7	13	  7.7	  1.7	27	 73.0	 18.4	  9.1	21	1005.7	5.2	212.0	 4.1
1	1985	9	  6.7	  9.8	 13.2	10	  4.2	 -0.8	20	 76.0	 46.8	 15.2	17	1008.9	5.4	133.3	 4.1
1	1985	10	  6.5	  8.9	 13.2	14	  4.0	 -5.0	9	 80.0	125.3	 30.1	15	1004.5	6.5	62.9	 7.3
1	1985	11	  0.3	  2.5	  8.3	17	 -1.9	 -8.4	9	 77.0	 73.3	 15.3	17	1012.0	5.9	32.2	 6.2
1	1985	12	 -1.2	  0.5	  4.1	17	 -3.1	-10.5	28	 71.0	 30.5	  9.8	14	1007.2	5.2	22.4	 5.7
1	1986	1	 -0.5	  2.0	  6.8	26	 -2.8	 -9.5	24	 77.0	 89.8	 15.3	5	 995.6	6.0	17.1	 6.5
1	1986	2	  2.0	  4.1	  8.0	12	 -0.0	 -6.5	22	 77.0	 62.0	 34.0	13	1022.5	5.6	64.4	 5.9
1	1986	3	  0.4	  2.9	  7.6	12	 -1.8	 -8.0	26	 78.0	123.8	 28.2	11	 987.1	5.8	115.1	 6.6
1	1986	4	  3.6	  6.2	 10.9	30	  1.2	 -7.2	2	 75.0	 46.4	 17.1	25	1010.5	5.8	160.9	 5.8
1	1986	5	  5.6	  9.2	 13.0	21	  2.5	 -2.7	4	 69.0	 36.6	 11.4	29	1004.9	5.2	237.2	 4.6
1	1986	6	  8.4	 10.5	 16.4	28	  6.5	  0.3	10	 83.0	 64.8	 10.1	14	1010.5	7.1	80.2	 5.2
1	1986	7	 10.5	 13.6	 18.2	26	  7.9	  4.0	6	 78.0	 44.2	 16.8	23	1008.4	5.3	242.7	 4.5
1	1986	8	 10.0	 12.7	 16.5	15	  7.6	  5.0	28	 80.0	 47.8	  7.5	12	1015.9	5.4	199.7	 4.0
1	1986	9	  7.4	 10.2	 12.8	12	  4.8	  0.9	21	 80.0	 35.6	  6.4	19	1013.4	5.1	146.5	 5.3
1	1986	10	  2.4	  5.2	 11.3	8	 -0.1	 -4.9	23	 79.0	 86.9	 10.6	11	 989.9	5.4	89.9	 5.7
1	1986	11	  0.7	  2.6	  6.8	2	 -1.5	 -7.3	11	 77.0	 73.7	 16.5	2	 990.1	5.8	28.3	 6.5
1	1986	12	 -0.8	  1.6	  7.4	23	 -3.4	-11.1	2	 80.0	102.3	 20.6	13	 990.7	6.1	 5.0	 6.7
1	1987	1	  3.1	  4.6	  7.7	23	  1.3	 -4.3	6	 85.0	 54.8	 13.5	17	1013.6	6.9	 7.7	 6.5
1	1987	2	  1.6	  3.9	  8.8	27	 -0.3	 -6.3	14	 80.0	 83.8	 32.0	21	1005.0	6.4	39.5	 5.3
1	1987	3	  0.4	  2.9	  8.8	9	 -1.9	-10.5	19	 75.0	100.3	 15.7	5	1005.1	6.4	98.8	 7.5
1	1987	4	  2.5	  5.2	  9.3	23	  0.3	 -6.3	1	 81.0	 91.1	 20.8	19	1003.7	6.5	113.3	 7.0
1	1987	5	  6.3	  9.1	 18.0	25	  3.7	 -4.6	1	 81.0	 38.9	 10.4	1	1018.1	5.9	173.3	 4.7
1	1987	6	  9.9	 12.9	 17.1	22	  7.2	  2.6	2	 77.0	 17.0	  4.8	27	1016.7	5.5	222.6	 3.8
1	1987	7	 11.1	 13.5	 16.4	4	  9.0	  5.7	8	 81.0	 58.2	 13.8	5	1009.9	6.8	108.0	 4.9
1	1987	8	 10.9	 13.8	 16.7	8	  8.5	  5.7	30	 79.0	 26.0	  6.6	19	1015.0	5.4	219.3	 3.9
1	1987	9	  8.0	 10.7	 14.3	4	  6.0	  0.6	14	 74.0	 29.2	  6.2	25	1000.3	6.2	114.8	 6.1
1	1987	10	  2.2	  4.9	 10.3	4	  0.1	 -5.5	8	 76.0	 63.4	 20.4	4	1000.9	5.0	116.0	 5.7
1	1987	11	  4.2	  6.3	 10.1	5	  2.1	 -5.1	23	 80.0	 88.7	 15.0	18	1005.2	6.6	20.5	 6.5
1	1987	12	  4.2	  5.8	  9.0	2	  2.6	 -6.5	26	 81.0	 71.0	 17.7	3	1002.9	7.3	 1.5	 6.2
1	1988	1	 -3.0	 -0.3	  7.0	16	 -5.6	-14.6	23	 70.0	 44.0	  9.3	16	 995.9	4.5	40.8	 5.9
1	1988	2	 -1.4	  1.2	  7.0	24	 -3.8	-11.2	7	 75.0	 70.4	 18.4	26	1006.0	5.6	63.9	 5.7
1	1988	3	 -0.1	  2.4	  7.7	7	 -2.4	-10.0	12	 77.0	 96.0	 15.3	5	1006.1	6.3	86.6	 5.5
1	1988	4	  0.6	  3.8	 11.0	29	 -2.2	-11.1	17	 70.0	 22.1	  5.2	4	1017.0	5.2	189.8	 5.6
1	1988	5	  7.5	 10.8	 18.8	15	  4.4	  0.2	9	 75.0	 98.0	 16.8	5	1011.5	5.4	202.3	 5.9
1	1988	6	  8.2	 10.4	 14.2	30	  6.2	  3.0	21	 85.0	 51.2	 13.7	18	1011.6	7.2	72.2	 6.1
1	1988	7	 11.1	 14.2	 17.8	24	  8.6	  5.2	27	 77.0	 30.8	 13.2	16	1006.3	6.1	205.7	 4.4
1	1988	8	 10.7	 13.6	 16.4	19	  8.3	  4.6	30	 80.0	 41.7	 15.4	5	1001.7	6.2	143.0	 5.1
1	1988	9	  6.9	  9.6	 14.0	2	  4.6	 -2.1	29	 78.0	 32.9	  8.8	18	1004.7	5.6	118.6	 5.3
1	1988	10	  4.5	  7.2	 12.6	20	  2.1	 -5.8	28	 78.0	108.4	 26.3	18	1008.9	5.8	82.9	 5.6
1	1988	11	  3.5	  5.4	  9.0	10	  1.6	 -6.3	17	 82.0	 71.4	 14.3	3	1007.7	6.4	23.1	 5.4
1	1988	12	  0.8	  3.5	  9.7	14	 -1.9	-11.6	24	 80.0	114.2	 11.2	7	 998.1	6.0	 5.5	 7.2
1	1989	1	  0.0	  2.9	  8.5	3	 -2.6	 -9.0	22	 83.0	145.4	 18.0	24	 987.5	6.8	 2.0	 7.7
1	1989	2	 -3.0	  0.1	  6.3	1	 -5.9	-13.0	16	 76.0	101.4	 16.6	11	 986.1	6.2	38.7	 7.4
1	1989	3	 -1.0	  1.7	  6.1	31	 -3.9	-11.9	1	 78.0	 73.5	 15.4	31	 988.2	5.5	139.6	 5.2
1	1989	4	  1.5	  4.0	 10.0	30	 -1.0	 -6.0	24	 75.0	121.9	 48.2	1	1009.0	5.5	189.5	 4.9
1	1989	5	  4.8	  7.3	 10.5	31	  2.3	 -1.7	9	 77.0	126.0	 26.7	27	1008.0	6.1	191.4	 6.1
1	1989	6	  8.7	 11.5	 15.6	11	  6.2	  3.5	26	 76.0	 40.3	  6.2	21	1011.0	6.0	181.8	 5.5
1	1989	7	  9.6	 11.7	 15.3	16	  7.8	  5.5	4	 85.0	 72.9	 13.8	26	1010.9	7.1	77.7	 5.5
1	1989	8	 10.0	 12.8	 15.6	11	  7.6	  4.7	27	 80.0	 71.4	 20.7	30	 999.5	6.0	153.1	 5.3
1	1989	9	  7.0	  9.3	 11.1	11	  4.6	  1.0	21	 80.0	109.2	 20.8	25	1001.4	6.4	98.9	 6.5
1	1989	10	  5.2	  7.2	 10.6	4	  3.4	 -3.2	26	 80.0	 61.1	  9.4	31	 999.0	6.5	59.1	 6.1
1	1989	11	  2.2	  3.9	  9.4	15	  0.2	 -7.5	19	 82.0	 77.5	 15.9	30	1008.4	5.7	44.9	 4.8
1	1989	12	  0.5	  2.5	  9.6	1	 -2.1	-11.8	20	 76.0	 62.9	 15.4	2	1003.5	5.4	18.4	 6.8
1	1990	1	  0.4	  2.6	  7.9	1	 -1.7	 -7.5	20	 79.0	 89.8	 22.3	9	 981.0	6.3	 6.1	 6.8
1	1990	2	 -1.6	  0.6	  4.4	1	 -3.5	-11.8	28	 78.0	 21.1	  3.7	6	 976.3	5.8	57.1	 5.8
1	1990	3	 -1.5	  1.3	  4.8	26	 -4.5	-13.3	1	 80.0	 83.1	 24.9	14	 995.5	6.3	96.4	 6.5
1	1990	4	  0.4	  3.2	  7.7	30	 -2.2	-11.8	3	 76.0	 47.6	  9.2	14	1001.2	6.3	143.1	 6.3
1	1990	5	  7.2	  9.7	 15.0	31	  4.8	  0.8	4	 81.0	 75.2	 23.5	13	1019.4	6.5	140.4	 4.4
1	1990	6	  9.8	 12.7	 16.5	19	  7.2	  3.6	27	 76.0	 43.9	 10.4	21	1009.6	6.0	186.4	 5.2
1	1990	7	 11.6	 14.5	 20.4	27	  9.2	  5.3	9	 78.0	 48.6	  8.0	8	1008.3	6.1	171.3	 5.3
1	1990	8	 11.1	 13.6	 17.2	12	  8.8	  5.6	23	 83.0	 65.7	 10.5	30	1005.2	6.4	135.8	 4.3
1	1990	9	  6.6	  9.0	 12.9	9	  4.3	  0.0	21	 80.0	118.8	 33.9	13	1006.0	6.3	97.6	 6.0
1	1990	10	  5.0	  7.1	 11.1	25	  3.1	 -3.0	17	 78.0	 56.1	 11.0	8	1000.2	6.0	77.6	 5.6
1	1990	11	  3.7	  5.2	  9.8	14	  1.7	 -5.3	2	 82.0	 69.6	 15.5	22	1009.5	6.6	22.7	 5.5
1	1990	12	 -0.3	  2.5	  8.8	14	 -3.3	 -9.7	7	 77.0	106.6	 12.6	1	 994.7	6.3	 3.5	 7.3
1	1991	1	  1.1	  3.6	  8.8	28	 -1.7	-11.0	20	 78.0	130.5	 21.0	14	 994.6	6.0	19.0	 8.2
1	1991	2	  2.2	  4.3	  8.5	3	 -0.2	 -6.8	25	 78.0	169.8	 22.2	2	1002.8	6.1	60.8	 8.1
1	1991	3	  1.8	  4.4	  8.7	25	 -0.7	 -5.6	1	 76.0	 65.2	 11.6	15	1005.2	5.8	93.9	 6.2
1	1991	4	  1.3	  4.0	  8.7	18	 -1.3	 -7.8	3	 72.0	 48.4	  8.3	14	1007.3	5.8	171.0	 5.9
1	1991	5	  6.8	  9.2	 15.5	25	  4.7	  0.6	13	 85.0	119.7	 21.6	16	1017.9	7.0	109.3	 5.4
1	1991	6	  9.4	 12.5	 15.5	18	  6.5	  2.9	12	 73.0	 14.3	  5.8	1	1013.3	4.7	294.6	 4.1
1	1991	7	 13.0	 15.9	 23.2	9	 10.8	  8.1	1	 82.0	 48.9	 10.7	24	1010.2	6.4	169.5	 4.0
1	1991	8	 11.0	 13.4	 17.2	3	  8.8	  5.2	21	 83.0	 94.1	 22.8	17	1001.4	6.3	145.0	 5.5
1	1991	9	  7.7	 10.2	 13.4	5	  5.6	  0.8	15	 82.0	 74.3	 15.8	8	1006.6	5.9	110.1	 4.9
1	1991	10	  4.7	  7.0	 11.0	30	  2.5	 -3.3	16	 79.0	 83.3	 21.7	28	1007.9	6.0	75.9	 6.5
1	1991	11	  0.2	  2.2	  6.7	21	 -1.9	-10.1	17	 78.0	 93.4	 19.8	21	 995.6	6.3	21.5	 5.7
1	1991	12	  1.3	  3.6	  8.9	30	 -1.5	-10.9	21	 81.0	153.2	 24.8	27	1001.1	6.8	 3.1	 7.9
1	1992	1	  2.5	  5.0	  9.3	19	 -0.1	-10.5	4	 84.0	131.7	 17.5	21	1004.0	6.8	 0.3	 7.8
1	1992	2	  0.1	  3.1	  8.5	6	 -3.0	 -9.2	11	 77.0	109.8	 18.5	17	 989.3	6.6	27.6	 8.4
1	1992	3	  0.5	  3.3	  7.6	8	 -1.9	-13.2	14	 77.0	129.6	 33.5	8	 998.6	6.2	95.8	 7.2
1	1992	4	  2.6	  5.2	  9.1	23	  0.1	 -4.1	19	 68.0	 38.4	  9.0	8	1005.0	5.8	147.3	 6.6
1	1992	5	  5.8	  8.4	 13.6	26	  3.2	 -5.0	10	 77.0	 75.7	 16.5	29	1009.6	6.3	132.4	 6.3
1	1992	6	  7.8	 10.3	 14.7	30	  5.5	  3.6	23	 80.0	 79.6	 18.3	9	1012.3	6.4	148.6	 6.4
1	1992	7	  9.9	 13.1	 17.0	18	  7.0	  2.7	23	 79.0	 33.0	  6.7	6	1007.8	5.7	188.8	 4.4
1	1992	8	  9.9	 12.6	 17.5	23	  7.6	  2.4	26	 78.0	 41.0	 12.7	15	1001.5	6.5	106.5	 5.3
1	1992	9	  6.8	  9.7	 16.8	29	  4.2	  0.0	3	 78.0	 56.6	  9.0	18	1004.7	5.2	154.6	 6.3
1	1992	10	  4.3	  6.7	 12.9	1	  2.3	 -5.0	29	 83.0	 55.1	 13.1	8	1013.0	5.7	80.8	 5.0
1	1992	11	  0.8	  2.3	  8.2	8	 -1.4	 -6.1	18	 81.0	126.7	 32.6	30	 987.6	6.0	15.4	 6.2
1	1992	12	 -0.5	  2.3	 10.6	22	 -2.9	-10.5	19	 77.0	134.7	 19.5	27	 994.7	6.0	 1.0	 8.3
1	1993	1	 -2.3	  0.5	  6.8	31	 -5.6	-12.7	25	 77.0	 74.7	 14.6	30	 984.2	6.6	 5.0	 6.7
1	1993	2	  0.7	  3.3	  7.4	11	 -1.9	-10.6	5	 81.0	 99.9	 11.4	12	1008.1	7.1	15.2	 8.5
1	1993	3	  1.3	  3.9	  8.5	12	 -1.0	 -8.7	24	 80.0	 93.3	 17.3	7	 996.2	6.7	58.7	 6.8
1	1993	4	  3.7	  6.7	 10.0	9	  1.1	 -2.8	22	 71.0	 32.8	  5.7	24	1005.7	5.5	169.6	 6.2
1	1993	5	  5.4	  8.5	 11.7	12	  2.6	 -2.3	15	 72.0	 65.5	 11.2	4	1019.0	5.9	202.7	 6.5
1	1993	6	  9.1	 12.5	 17.5	15	  6.5	  3.0	1	 76.0	 33.3	 19.0	26	1011.8	6.2	136.4	 4.8
1	1993	7	 10.1	 13.6	 19.7	26	  7.5	  4.7	10	 75.0	 28.9	 12.8	5	1012.1	5.6	228.4	 4.7
1	1993	8	  9.3	 12.3	 15.1	4	  7.1	  3.4	14	 81.0	 58.9	 15.9	6	1009.7	6.0	172.5	 4.8
1	1993	9	  9.1	 12.1	 15.3	2	  6.9	  2.0	16	 85.0	 80.1	 19.6	11	1010.9	6.4	76.8	 4.2
1	1993	10	  4.8	  7.3	 12.4	1	  2.3	 -7.5	15	 79.0	 37.3	  6.5	29	1018.9	5.7	88.3	 5.8
1	1993	11	  3.5	  6.3	 10.6	2	  1.2	 -3.6	13	 82.0	259.7	 35.2	20	 991.7	6.7	 5.7	 9.0
1	1993	12	 -1.6	  1.1	  7.4	29	 -3.9	-12.0	22	 73.0	 72.0	 17.5	20	 993.0	5.6	11.3	 6.0
1	1994	1	 -1.7	  0.9	  8.7	11	 -4.4	-11.9	28	 70.0	 42.7	 15.1	18	 995.2	5.1	15.8	 7.0
1	1994	2	  1.0	  3.5	  7.9	19	 -1.0	 -7.8	26	 76.0	139.2	 24.0	19	1003.2	5.9	71.6	 6.5
1	1994	3	 -1.4	  1.8	  8.0	27	 -3.6	-12.1	20	 77.0	 76.4	 18.0	22	 985.7	5.8	114.5	 5.8
1	1994	4	  1.6	  5.1	  8.4	30	 -1.2	 -5.7	25	 71.0	 31.8	  8.0	11	1007.3	4.8	214.3	 5.5
1	1994	5	  6.9	 10.0	 14.2	13	  4.1	  0.3	13	 77.0	 67.0	 35.9	30	1013.8	5.7	211.9	 4.3
1	1994	6	  8.0	 11.1	 14.0	28	  5.3	  1.3	2	 75.0	 46.8	 15.1	10	1003.3	5.7	209.5	 4.8
1	1994	7	 12.0	 14.6	 18.3	6	 10.0	  8.0	1	 81.0	 52.9	 16.4	16	1004.8	6.5	131.0	 4.4
1	1994	8	 10.6	 13.4	 16.8	5	  8.1	  2.1	23	 84.0	 29.6	  9.2	26	1010.8	5.9	163.4	 4.0
1	1994	9	  7.0	 10.0	 14.1	6	  4.3	 -2.2	30	 75.0	 43.5	  9.4	25	1009.4	5.2	167.7	 5.1
1	1994	10	  3.6	  6.0	 10.4	5	  1.4	 -4.5	16	 80.0	 49.3	  9.8	31	1006.2	5.9	75.9	 4.0
1	1994	11	  2.4	  4.8	 10.5	26	 -0.4	 -5.8	1	 76.0	 77.0	 19.6	19	 997.9	5.1	61.4	 6.3
1	1994	12	 -1.0	  1.9	  9.6	2	 -3.5	 -9.5	31	 76.0	 78.8	 13.4	22	 990.5	5.4	16.1	 6.5
1	1995	1	 -2.0	  1.0	  6.3	3	 -4.3	-11.0	29	 75.0	 54.2	 13.8	3	 992.0	5.4	34.0	 6.5
1	1995	2	 -2.0	  0.9	  5.2	21	 -4.4	-13.0	8	 74.0	 33.8	 12.9	3	 988.8	4.9	96.7	 5.5
1	1995	3	 -2.0	  1.0	  8.2	30	 -4.8	 -9.3	3	 73.0	 35.8	  9.2	12	 998.2	5.0	149.3	 6.7
1	1995	4	  1.5	  4.3	  8.5	24	 -0.8	 -8.7	4	 73.0	 32.4	  7.4	9	1018.9	5.8	146.8	 6.0
1	1995	5	  6.7	  9.8	 13.4	23	  3.9	 -1.6	14	 76.0	 20.7	  4.5	5	1014.8	5.3	216.0	 3.8
1	1995	6	  9.0	 11.5	 14.9	8	  6.9	  2.6	4	 84.0	 38.1	  7.9	17	1016.0	6.9	109.8	 4.7
1	1995	7	 10.4	 13.8	 20.5	3	  7.9	  4.3	7	 78.0	 50.4	 13.7	26	1008.4	5.8	216.5	 5.3
1	1995	8	 10.5	 12.7	 15.1	8	  8.8	  6.1	18	 86.0	 95.0	 12.1	4	1009.2	7.2	74.8	 5.2
1	1995	9	  7.9	 10.4	 13.3	11	  6.0	 -1.5	27	 81.0	 51.7	 13.5	11	1009.5	6.1	103.8	 5.4
1	1995	10	  3.7	  6.2	 11.8	2	  1.4	 -3.7	30	 78.0	 55.9	 12.2	19	 999.2	5.8	99.3	 4.8
1	1995	11	  1.8	  3.6	 10.5	6	 -0.2	 -7.9	26	 81.0	 17.5	  3.6	7	1017.9	5.8	46.6	 4.7
1	1995	12	 -0.1	  2.5	 10.6	3	 -2.3	-12.9	22	 79.0	138.1	 28.6	8	1013.9	5.4	15.9	 6.1
1	1996	1	  2.2	  4.5	  7.6	17	 -0.1	 -6.0	27	 78.0	 69.8	 27.4	18	1002.1	6.2	23.3	 5.5
1	1996	2	 -0.7	  2.2	  7.3	20	 -3.2	-10.2	27	 79.0	102.7	 25.5	4	1003.8	6.3	60.6	 6.3
1	1996	3	  2.6	  5.3	  7.6	7	  0.5	 -7.0	20	 80.0	 97.8	 19.3	10	1015.8	6.4	96.5	 5.6
1	1996	4	  4.4	  7.5	 10.6	15	  2.0	 -3.3	4	 74.0	 65.3	 17.1	7	1009.2	5.9	167.5	 5.7
1	1996	5	  7.2	 10.4	 15.5	13	  4.6	 -1.5	7	 75.0	 48.4	  8.1	30	1017.0	6.1	202.9	 4.4
1	1996	6	  9.8	 12.7	 14.7	24	  7.3	  3.1	2	 77.0	 55.3	 28.3	16	1009.9	6.4	154.7	 4.8
1	1996	7	 10.9	 13.5	 17.4	31	  8.4	  6.0	26	 80.0	 39.0	  9.5	13	1007.7	5.9	193.8	 4.7
1	1996	8	 10.3	 13.2	 17.0	22	  8.1	  2.0	25	 82.0	 56.6	 15.5	15	1007.4	5.9	149.6	 4.8
1	1996	9	 10.4	 12.8	 15.6	17	  9.0	  3.9	30	 88.0	 81.7	 13.2	1	1006.5	7.0	55.3	 5.8
1	1996	10	  4.4	  7.5	 12.6	2	  2.2	 -5.7	30	 76.0	 49.7	 10.0	7	 996.0	5.6	103.2	 5.8
1	1996	11	 -1.9	  0.8	  7.8	14	 -4.4	-10.1	23	 70.0	 59.7	 20.8	13	1007.8	4.3	79.2	 5.6
1	1996	12	  0.5	  2.6	  8.9	29	 -1.6	 -8.8	12	 78.0	 42.9	 10.5	9	1013.3	6.0	 7.1	 5.3
1	1997	1	  1.0	  3.8	  9.0	21	 -1.4	 -6.2	19	 81.0	 54.3	 17.1	24	1008.7	6.5	 9.2	 6.3
1	1997	2	 -1.3	  1.6	  7.1	1	 -4.3	-11.7	4	 75.0	100.6	 14.6	10	 981.7	6.0	58.4	 6.6
1	1997	3	 -0.3	  2.8	  8.6	8	 -2.7	-12.6	13	 76.0	100.0	 17.9	4	 999.4	6.1	111.3	 7.2
1	1997	4	  3.9	  6.5	 11.2	28	  2.0	 -6.4	3	 80.0	 39.0	  7.3	22	1013.9	6.6	95.3	 5.5
1	1997	5	  6.0	  9.1	 12.1	15	  3.4	 -4.2	6	 74.0	 14.1	  5.8	24	1018.2	5.8	213.5	 5.3
1	1997	6	  8.4	 11.9	 15.1	29	  5.8	 -0.7	7	 76.0	 16.1	  5.6	10	1016.0	5.3	240.4	 4.8
1	1997	7	 12.0	 14.9	 17.8	30	  9.7	  6.1	8	 82.0	 83.9	 39.0	12	1009.2	6.6	128.5	 4.9
1	1997	8	 11.1	 14.4	 18.3	12	  9.0	  4.8	9	 82.0	 95.3	 21.1	17	1005.2	6.3	122.2	 5.1
1	1997	9	  7.9	 10.9	 17.0	2	  5.8	 -1.8	18	 78.0	 74.4	 15.4	29	1006.3	6.0	130.8	 6.4
1	1997	10	  5.6	  8.2	 11.2	28	  3.5	 -2.2	19	 81.0	 89.6	 12.1	31	1009.8	6.4	52.2	 4.8
1	1997	11	  3.9	  6.0	 11.0	21	  2.2	 -4.0	10	 80.0	 65.3	 29.0	13	 998.6	5.9	32.1	 5.1
1	1997	12	  2.8	  5.2	 12.0	14	  0.4	 -5.5	2	 80.0	103.1	 26.9	30	 996.9	5.9	 9.0	 6.1
1	1998	1	  0.6	  3.4	  8.8	6	 -1.7	-13.7	18	 74.0	 56.1	 20.3	21	1003.1	5.5	32.0	 5.7
1	1998	2	 -1.0	  2.3	  8.5	17	 -3.6	-11.9	28	 78.0	 69.1	 11.0	20	 995.3	6.5	50.1	 6.1
1	1998	3	 -1.4	  2.2	  8.5	15	 -4.4	-14.9	7	 74.0	 65.7	 13.1	20	1007.1	5.6	110.8	 6.8
1	1998	4	  4.0	  7.3	 13.5	23	  1.2	 -7.1	9	 72.0	 18.1	  7.9	15	1011.4	5.2	188.2	 4.5
1	1998	5	  6.6	  9.6	 15.0	25	  4.1	 -3.2	8	 79.0	 66.9	 14.7	23	1015.3	6.2	175.8	 5.5
1	1998	6	 10.1	 13.3	 18.4	26	  7.0	  4.1	7	 74.0	 25.0	  6.3	24	1016.2	4.9	272.1	 3.8
1	1998	7	 11.1	 14.5	 18.0	18	  8.6	  5.4	21	 79.0	 65.6	 17.7	4	1008.9	6.3	171.4	 3.8
1	1998	8	 11.3	 13.9	 16.0	19	  9.1	  4.6	22	 84.0	101.1	 24.7	29	1003.6	6.5	102.5	 5.2
1	1998	9	  8.3	 11.6	 16.2	3	  6.1	  0.3	15	 77.0	 23.2	  4.9	19	1011.9	5.6	135.8	 5.0
1	1998	10	  2.9	  5.5	 12.8	6	  0.5	 -5.2	18	 79.0	 66.1	 28.3	9	1002.6	5.0	116.7	 5.4
1	1998	11	  2.2	  4.7	 10.0	7	 -0.4	 -8.8	6	 77.0	 98.5	 15.5	19	 999.3	5.7	39.3	 6.4
1	1998	12	  1.2	  3.7	 10.6	7	 -1.0	 -9.8	19	 77.0	 95.8	 15.1	21	 990.4	6.0	 7.8	 6.6
1	1999	1	  0.1	  2.4	  8.7	31	 -2.1	 -7.4	18	 78.0	 78.4	 16.1	10	 992.9	5.8	23.2	 6.2
1	1999	2	 -1.3	  2.0	  8.4	1	 -3.6	-10.0	8	 78.0	 82.5	 13.4	2	 996.8	5.9	49.8	 6.9
1	1999	3	 -1.0	  2.5	  7.1	17	 -3.6	 -9.6	31	 70.0	 20.5	  4.3	21	1006.2	4.6	165.4	 4.3
1	1999	4	  2.8	  6.5	 12.6	26	 -0.3	 -7.4	18	 71.0	 25.5	  8.3	15	1013.0	4.8	210.3	 5.2
1	1999	5	  6.7	  9.8	 13.7	31	  4.1	 -0.2	14	 78.0	 86.5	 12.6	19	1007.9	6.1	167.3	 6.2
1	1999	6	  9.0	 11.9	 18.5	30	  6.7	  4.0	21	 79.0	 46.6	  7.2	16	1008.1	6.6	126.2	 5.9
1	1999	7	 10.9	 13.9	 18.9	28	  8.6	  5.7	16	 82.0	 65.6	 11.9	20	1009.7	6.5	140.1	 4.4
1	1999	8	 11.3	 14.2	 17.6	5	  9.3	  5.7	16	 84.0	 64.5	 12.5	10	1013.0	6.3	137.2	 4.4
1	1999	9	  8.4	 11.9	 17.3	20	  5.9	  0.8	28	 80.0	 71.9	 16.9	27	 997.1	6.2	116.8	 4.7
1	1999	10	  5.6	  8.1	 12.4	14	  3.5	 -0.7	9	 78.0	114.5	 27.8	15	1003.2	6.0	83.1	 6.0
1	1999	11	  2.0	  5.0	 12.6	19	 -0.3	 -9.5	27	 80.0	 72.1	 13.2	10	1002.8	5.8	35.4	 6.1
1	1999	12	 -1.0	  1.9	  8.2	31	 -3.5	-11.6	19	 78.0	 59.0	 18.5	31	 993.2	5.6	13.7	 5.9
1	2000	1	  0.7	  3.1	  8.0	15	 -1.7	 -8.8	6	 82.0	 74.5	 19.6	10	1004.8	6.6	 7.7	 5.9
1	2000	2	 -1.0	  2.0	  6.2	5	 -3.7	 -9.5	19	 79.0	 85.0	 18.3	20	 987.9	5.9	52.7	 6.7
1	2000	3	  0.6	  3.5	  9.9	27	 -2.2	 -8.8	6	 78.0	145.7	 29.5	24	1006.8	6.7	69.6	 7.5
1	2000	4	  1.4	  5.0	 11.8	29	 -1.9	 -8.5	1	 66.0	 27.6	  5.0	8	1017.6	4.2	242.3	 5.5
1	2000	5	  6.5	  9.6	 12.9	11	  3.9	 -1.7	31	 75.0	 47.8	 13.3	8	1008.2	6.0	185.7	 5.3
1	2000	6	  9.4	 12.7	 18.5	30	  6.6	  1.7	2	 74.0	 61.6	 11.9	19	1013.2	5.8	213.3	 3.9
1	2000	7	 11.5	 14.5	 18.6	24	  9.5	  6.0	14	 85.0	 41.1	  7.8	21	1013.8	6.2	186.5	 3.8
1	2000	8	 10.7	 13.9	 16.5	8	  8.6	  5.1	18	 84.0	 70.7	 28.2	23	1009.6	6.4	112.9	 3.1
1	2000	9	  8.7	 12.0	 17.1	25	  6.2	 -0.6	19	 78.0	 87.2	 27.4	12	1003.4	5.5	140.0	 4.4
1	2000	10	  4.8	  7.4	 10.2	6	  2.7	 -3.7	12	 79.0	103.6	 47.8	2	 992.6	5.5	77.2	 3.8
1	2000	11	  0.9	  3.5	  8.6	30	 -1.2	 -8.2	7	 74.0	 10.1	  2.9	15	1002.6	4.3	75.5	 4.0
1	2000	12	  0.1	  2.6	  7.8	20	 -1.9	-11.8	30	 72.0	 45.1	 28.8	16	1004.3	4.4	28.0	 3.3
1	2001	1	  1.0	  3.4	  9.5	14	 -1.2	-11.5	4	 77.0	 78.2	 18.8	20	1000.2	5.4	35.5	 4.9
1	2001	2	 -0.2	  3.1	  8.8	17	 -3.0	-13.5	8	 74.0	 80.8	 10.2	13	1009.8	5.2	91.8	 5.7
1	2001	3	  0.0	  3.5	  9.2	9	 -2.8	-11.0	24	 69.0	 24.4	 15.1	7	1006.1	5.1	125.7	 3.7
1	2001	4	  3.7	  7.6	 13.0	19	  0.9	 -5.2	4	 72.0	 32.0	  6.5	27	1008.8	5.2	212.5	 3.9
1	2001	5	  6.6	  9.8	 13.6	10	  4.5	 -3.0	16	 79.0	 87.1	 16.9	9	1012.9	6.6	130.4	 4.2
1	2001	6	  8.8	 11.8	 15.7	30	  6.3	  2.2	5	 79.0	 31.7	  7.8	18	1014.2	5.9	205.4	 3.6
1	2001	7	 10.9	 14.0	 16.1	11	  8.4	  5.8	4	 79.0	 80.4	 25.7	19	1010.4	6.5	156.4	 3.3
1	2001	8	 11.1	 14.1	 17.2	3	  8.3	  4.7	31	 81.0	 63.4	 21.5	22	1004.5	5.4	202.4	 3.1
1	2001	9	  9.4	 12.1	 15.1	24	  7.2	  2.2	16	 80.0	 94.3	 20.9	17	1010.9	6.5	94.5	 3.8
1	2001	10	  6.2	 10.1	 15.6	18	  3.9	 -3.6	31	 80.0	 63.0	 12.7	10	 997.8	5.4	107.5	 3.6
1	2001	11	  1.8	  5.0	 11.9	1	 -1.1	 -9.0	28	 77.0	 80.2	 10.0	23	1003.0	6.2	18.9	 6.1
1	2001	12	  2.5	  4.9	 11.1	14	 -0.0	 -9.5	28	 84.0	 76.4	 11.8	21	1014.7	6.4	 8.1	 5.4
1	2002	1	  1.4	  4.2	 10.6	5	 -0.8	-10.6	28	 71.0	117.0	 14.2	6	 994.2	5.5	40.6	 5.6
1	2002	2	 -3.3	  0.2	  7.7	13	 -6.3	-10.6	24	 67.0	 42.0	  9.5	14	 993.9	4.6	108.1	 4.6
1	2002	3	  0.3	  3.2	  8.8	24	 -2.0	-10.8	5	 76.0	 91.4	 19.3	30	1002.1	6.0	116.0	 4.6
1	2002	4	  3.9	  7.2	 11.5	20	  1.7	 -4.9	27	 77.0	 90.3	 13.7	13	1001.2	6.2	142.7	 5.1
1	2002	5	  7.2	 11.1	 16.6	28	  4.0	 -1.4	3	 72.0	 23.0	  5.2	10	1009.4	5.0	239.4	 3.9
1	2002	6	 10.8	 14.2	 22.4	11	  8.3	  3.6	22	 78.0	 34.4	 10.5	2	1006.9	6.0	186.4	 3.6
1	2002	7	 10.6	 13.5	 17.5	11	  8.5	  6.3	10	 84.0	 44.8	  8.1	18	1007.5	6.4	135.4	 3.7
1	2002	8	 10.2	 12.9	 17.2	1	  8.0	  2.8	31	 82.0	 76.8	 19.1	4	1008.0	6.3	126.7	 3.9
1	2002	9	  9.4	 12.1	 17.6	12	  7.4	  2.3	7	 84.0	124.2	 24.6	11	1013.7	6.6	76.1	 3.5
1	2002	10	  4.9	  7.5	 14.5	1	  2.8	 -6.7	31	 73.0	 68.8	 13.8	2	1010.4	4.6	134.8	 4.4
1	2002	11	  4.7	  6.9	 10.9	28	  2.7	 -5.7	15	 73.0	 84.9	 21.2	19	 996.7	5.4	52.6	 4.3
1	2002	12	  4.5	  6.7	 12.0	6	  2.9	 -2.6	28	 82.0	118.8	 20.6	24	1006.1	5.9	 7.6	 4.8
1	2003	1	  1.5	  4.0	  9.1	11	 -0.6	-11.3	21	 77.0	 44.8	  7.1	14	1004.3	6.0	24.2	 4.7
1	2003	2	  2.0	  4.6	  9.3	17	 -0.5	 -7.6	4	 78.0	157.5	 18.3	16	 993.7	6.5	38.9	 6.3
1	2003	3	  3.5	  6.1	  9.6	21	  1.1	 -9.1	11	 78.0	117.3	 15.3	31	1001.4	6.0	103.4	 5.4
1	2003	4	  6.2	  9.3	 13.6	22	  3.8	 -3.2	1	 76.0	 73.6	 19.0	10	1013.5	6.5	120.0	 4.6
1	2003	5	  6.3	  9.7	 13.6	19	  3.0	 -4.6	4	 69.0	 39.9	 16.7	31	1010.4	4.9	282.9	 3.5
1	2003	6	 11.3	 14.4	 17.2	10	  8.8	  7.1	3	 76.0	 85.0	 15.9	19	1007.6	6.5	146.0	 3.2
1	2003	7	 12.3	 15.1	 18.7	16	 10.0	  6.8	11	 80.0	 64.6	 14.8	24	1007.0	6.5	131.0	 2.6
1	2003	8	 12.8	 15.6	 20.0	1	 10.4	  6.6	20	 84.0	 75.5	 19.4	24	1012.3	6.1	158.2	 2.9
1	2003	9	  8.3	 11.2	 15.0	9	  5.8	 -2.2	25	 79.0	 78.5	  8.2	13	1005.5	5.6	143.9	 4.7
1	2003	10	  5.6	  8.0	 12.5	14	  3.5	 -3.9	30	 79.0	 37.7	  6.9	26	1012.2	5.9	93.6	 4.4
1	2003	11	  2.7	  4.6	 12.0	7	  0.4	 -5.8	4	 78.0	 78.2	 18.0	7	 994.8	5.1	57.6	 4.3
1	2003	12	  0.4	  2.8	  8.6	16	 -2.2	-10.5	21	 82.0	124.7	 19.8	30	1004.8	5.9	 8.1	 3.8
1	2004	1	 -0.2	  2.3	  8.0	21	 -2.4	-10.6	31	 75.0	 52.0	  9.0	4	 997.3	5.8	31.3	 4.3
1	2004	2	  1.1	  3.9	  9.9	19	 -2.1	-12.4	8	 76.0	 64.8	  7.9	18	1012.1	5.8	62.0	 5.0
1	2004	3	  3.9	  6.6	 10.0	9	  1.9	 -4.9	23	 77.0	122.1	 26.0	8	1001.9	5.9	104.8	 6.1
1	2004	4	  5.2	  8.1	 13.3	21	  2.8	 -2.7	6	 78.0	107.0	 26.8	3	1003.0	6.0	167.5	 4.6
1	2004	5	  7.2	 10.2	 17.2	28	  4.5	 -1.0	5	 72.0	 69.8	 16.8	23	1012.4	6.2	178.1	 4.4
1	2004	6	 10.4	 13.6	 20.3	21	  7.8	  3.4	24	 74.0	 45.2	 15.9	26	1012.4	5.8	202.0	 3.7
1	2004	7	 11.5	 14.6	 18.4	17	  9.0	  6.5	6	 81.0	 56.4	 16.3	24	1007.9	5.8	203.3	 3.3
1	2004	8	 12.6	 15.8	 24.8	11	  9.6	  5.6	23	 78.0	 59.8	 16.8	25	1010.4	5.0	248.3	 3.3
1	2004	9	  9.0	 11.7	 14.3	2	  6.6	  1.0	14	 80.0	 94.1	 13.0	25	1000.7	6.0	96.8	 4.5
1	2004	10	  4.3	  7.1	 13.1	2	  2.0	 -4.6	24	 76.0	 66.2	 13.4	10	1007.8	5.2	109.9	 4.1
1	2004	11	  2.2	  4.8	 11.0	6	 -0.7	-15.1	19	 80.0	112.6	 14.0	9	1007.9	5.9	26.9	 4.4
1	2004	12	 -0.2	  2.8	  9.0	12	 -2.8	-11.5	23	 75.0	 86.0	 10.1	6	 990.8	5.9	 1.3	 5.3
1	2005	1	 -0.2	  2.1	  7.5	29	 -2.6	-10.2	2	 81.0	 66.3	 13.8	4	 998.9	5.8	23.0	 4.5
1	2005	2	  1.5	  4.1	  8.5	2	 -0.9	 -8.8	5	 84.0	105.2	 30.1	7	1014.8	6.2	37.7	 4.4
1	2005	3	  3.6	  6.2	 12.4	21	  1.5	 -8.9	13	 76.0	 36.6	  6.3	18	1014.5	5.8	89.2	 4.5
1	2005	4	  4.2	  7.4	 14.0	19	  1.4	 -8.5	7	 75.0	 76.9	 18.5	17	1008.3	5.8	168.3	 4.4
1	2005	5	  5.7	  9.0	 12.4	31	  2.3	 -3.2	1	 68.0	 13.8	  6.1	10	1018.8	4.5	317.7	 3.6
1	2005	6	 10.5	 13.3	 17.5	15	  7.8	  3.7	5	 77.0	 40.2	 13.3	20	1013.3	5.7	208.0	 3.4
1	2005	7	 11.8	 15.0	 19.4	27	  9.2	  5.8	3	 81.0	 46.6	  8.0	11	1009.5	5.8	196.6	 3.6
1	2005	8	 10.5	 13.2	 16.7	12	  8.2	  3.4	27	 80.0	 72.0	 10.4	17	1004.1	5.8	168.4	 3.9
1	2005	9	  6.3	  8.8	 14.5	5	  3.9	 -3.4	25	 76.0	 41.1	 12.6	17	1003.9	5.5	184.7	 3.9
1	2005	10	  3.0	  5.8	 13.5	17	  0.6	 -5.7	27	 76.0	 49.1	  8.4	6	1003.2	5.3	104.3	 3.6
1	2005	11	  1.6	  3.8	  9.0	19	 -0.8	 -6.4	4	 80.0	 59.6	 12.0	13	1004.9	5.7	38.8	 4.3
1	2005	12	  2.3	  4.6	 10.1	25	 -0.1	 -5.8	3	 81.0	135.6	 26.8	26	1004.0	6.3	11.4	 4.6
1	2006	1	  1.9	  4.5	  9.3	4	 -1.1	-11.4	18	 83.0	153.3	 17.8	7	 995.1	6.4	13.0	 5.6
1	2006	2	  3.3	  6.0	  9.5	22	  0.8	 -7.6	9	 80.0	 86.7	 19.3	22	1009.2	5.7	57.5	 4.3
1	2006	3	  0.9	  3.9	  9.9	16	 -1.4	 -8.2	22	 69.0	 52.1	 16.7	12	1013.4	5.1	141.5	 4.0
1	2006	4	  2.0	  5.5	 13.2	28	 -0.9	 -7.0	3	 75.0	 71.1	 15.0	10	1002.4	5.1	219.5	 4.5
1	2006	5	  6.3	 10.5	 18.5	9	  3.2	 -2.6	22	 69.0	 33.3	 10.5	5	1013.6	5.0	272.3	 3.7
1	2006	6	  9.4	 12.2	 16.2	28	  7.0	  2.3	13	 80.0	 58.4	 12.9	12	1008.2	6.6	143.1	 4.0
1	2006	7	 11.1	 14.3	 19.0	20	  8.5	  4.9	9	 80.0	 41.1	  7.2	15	1008.1	6.0	177.1	 3.4
1	2006	8	 11.4	 14.6	 19.2	2	  8.9	  2.7	30	 82.0	 42.5	  9.0	8	1011.0	5.8	159.3	 3.1
1	2006	9	 10.5	 13.7	 17.6	2	  7.9	  2.2	22	 77.0	 63.8	 14.6	15	1002.6	5.9	117.3	 3.3
1	2006	10	  4.8	  7.9	 14.4	12	  2.4	 -5.4	31	 73.0	105.5	 38.7	27	1007.4	4.7	130.0	 3.2
1	2006	11	  1.2	  4.0	 10.8	3	 -1.8	-13.6	18	 69.0	 86.7	 15.9	10	 993.1	5.5	43.5	 5.3
1	2006	12	  2.2	  4.8	 10.9	21	 -0.2	 -6.7	17	 81.0	 95.3	 21.4	10	 989.9	5.5	20.3	 4.7
1	2007	1	 -0.6	  1.7	  8.5	29	 -2.8	-10.0	20	 77.0	 59.8	 10.1	5	 997.7	5.5	30.2	 3.7
1	2007	2	  0.7	  3.5	  8.8	2	 -1.2	 -7.7	26	 66.0	 41.6	 18.4	16	1003.8	3.9	126.4	 4.2
1	2007	3	  2.1	  5.2	 10.2	31	 -0.2	 -6.9	1	 78.0	129.1	 15.8	11	 995.6	6.2	101.2	 5.0
1	2007	4	  5.2	  8.1	 14.0	29	  3.1	 -5.6	19	 76.0	 65.0	  9.8	26	1008.3	6.3	141.8	 5.0
1	2007	5	  6.0	  9.6	 17.5	31	  2.6	 -0.6	26	 67.0	 28.1	  6.2	21	1007.7	4.8	282.4	 3.6
1	2007	6	 10.7	 13.8	 17.7	29	  8.4	  5.7	27	 75.0	 24.8	 10.1	5	1017.1	5.6	199.1	 3.8
1	2007	7	 12.8	 15.9	 20.5	14	 10.2	  6.0	28	 78.0	 32.9	  6.8	24	1011.1	5.7	225.7	 2.5
1	2007	8	 11.0	 14.1	 17.3	2	  8.3	  4.9	27	 81.0	 96.3	 23.2	22	1010.6	5.2	205.6	 3.4
1	2007	9	  7.9	 10.6	 14.2	4	  5.9	 -1.1	17	 79.0	163.4	 23.5	13	1006.9	6.5	85.2	 4.7
1	2007	10	  5.8	  8.6	 12.0	12	  3.6	 -3.5	17	 82.0	174.8	 33.0	5	 998.7	6.2	78.2	 5.3
1	2007	11	  3.1	  5.6	 10.1	16	  0.7	 -5.6	25	 77.0	113.1	 11.3	12	1009.3	6.1	25.1	 5.0
1	2007	12	  1.3	  4.3	 10.1	18	 -1.7	 -9.7	28	 77.0	196.5	 29.6	18	 995.0	5.6	11.3	 5.7
1	2008	1	 -0.2	  2.2	  9.5	3	 -2.6	 -7.9	19	 75.0	 78.3	 16.6	1	 992.7	5.9	12.4	 4.9
1	2008	2	 -0.2	  2.6	  8.6	14	 -2.9	-14.4	2	 79.0	135.0	 21.2	7	 997.1	6.1	57.0	 4.9
1	2008	3	  0.8	  3.7	  7.4	31	 -1.6	 -6.0	4	 76.0	 51.0	 15.7	7	1001.1	5.6	125.3	 3.8
1	2008	4	  3.9	  7.3	 12.2	24	  1.3	 -6.7	5	 68.0	 21.5	  6.9	9	1016.1	4.9	207.2	 3.9
1	2008	5	  8.6	 11.7	 13.8	25	  6.2	  0.7	2	 76.0	 31.3	  6.3	10	1018.6	6.3	140.8	 3.7
1	2008	6	 10.6	 14.0	 17.5	16	  7.5	  3.5	19	 71.0	 13.1	  8.1	8	1013.0	4.6	313.0	 3.8
1	2008	7	 12.5	 16.0	 25.7	30	  9.9	  6.4	18	 80.0	 50.9	 10.7	22	1009.5	5.9	198.4	 3.7
1	2008	8	 11.5	 14.4	 23.6	2	  9.1	  5.6	24	 83.0	 82.0	 10.3	30	1004.0	6.0	161.7	 3.2
1	2008	9	  9.4	 12.0	 16.9	2	  7.3	  2.6	30	 85.0	173.7	 38.8	17	1003.5	6.3	112.9	 5.1
1	2008	10	  2.8	  5.4	 11.2	7	  0.4	 -7.2	28	 76.0	 78.4	 14.4	6	 997.3	5.5	102.7	 4.4
1	2008	11	  2.8	  4.9	 10.4	5	  0.6	 -6.7	30	 77.0	 93.3	  9.6	17	1006.5	6.1	29.8	 4.9
1	2008	12	  1.1	  3.9	  9.2	24	 -1.4	 -6.8	14	 79.0	123.5	 20.2	11	1000.6	6.1	 7.2	 5.0
1	2009	1	  1.8	  3.8	  8.7	8	  0.1	 -4.9	30	 83.0	108.4	 15.1	3	 988.1	6.4	25.0	 3.5
1	2009	2	  0.1	  3.0	  9.2	17	 -2.1	 -9.7	5	 76.0	 52.7	 12.6	20	1008.0	5.4	59.4	 4.2
1	2009	3	  0.3	  3.6	 10.1	19	 -2.5	 -9.6	5	 75.0	 59.7	 14.0	11	1000.3	5.3	147.8	 4.4
1	2009	4	  5.0	  8.5	 11.5	19	  2.3	 -1.2	25	 77.0	 99.9	 19.1	7	1003.2	6.1	138.9	 4.2
1	2009	5	  7.7	 11.2	 18.3	17	  4.5	  0.0	6	 72.0	 66.0	 10.7	5	1005.6	5.2	281.7	 5.5
1	2009	6	 10.1	 13.0	 17.4	29	  7.9	  4.2	19	 81.0	 29.0	  6.7	23	1018.7	6.3	163.5	 2.7
1	2009	7	 12.8	 16.7	 21.1	12	  9.6	  3.5	25	 76.0	 11.5	  4.7	29	1012.5	5.2	259.4	 2.8
1	2009	8	 11.3	 15.1	 19.0	5	  8.7	  4.9	30	 77.0	 52.0	 11.7	9	1003.3	5.3	213.9	 3.3
1	2009	9	  8.4	 11.1	 14.3	8	  6.1	  0.4	29	 80.0	 78.4	 13.8	25	1003.0	6.5	71.4	 3.9
1	2009	10	  5.1	  7.6	 11.9	29	  2.9	 -3.1	4	 77.0	 78.3	 20.1	10	1007.0	6.6	55.1	 4.4
1	2009	11	  3.1	  5.4	  9.8	6	  1.2	 -3.7	29	 72.0	 34.7	 20.1	9	 993.2	5.0	44.8	 3.8
1	2009	12	  0.9	  3.5	 11.5	12	 -1.3	 -9.7	23	 74.0	 42.7	 18.4	12	1009.8	4.7	29.2	 3.8
1	2010	1	  2.4	  4.8	 10.1	25	  0.4	-10.1	5	 82.0	 90.6	 18.6	25	1009.0	5.6	35.0	 4.1
1	2010	2	  0.0	  2.9	  6.8	11	 -2.2	 -9.8	24	 69.0	 26.4	  9.3	28	1014.0	5.2	87.3	 3.8
1	2010	3	  3.1	  6.3	 10.1	24	  1.0	 -6.7	30	 76.0	 55.2	 12.7	3	1009.9	5.9	118.3	 4.5
1	2010	4	  2.8	  6.6	 11.8	28	 -0.1	 -8.9	1	 71.0	 35.7	 10.9	16	1013.0	5.6	175.4	 4.3
1	2010	5	  8.2	 11.8	 16.3	24	  5.5	  0.8	17	 78.0	 29.5	  8.2	12	1018.3	5.6	218.5	 2.8
1	2010	6	 11.4	 15.1	 19.2	4	  9.2	  5.9	2	 80.0	 29.5	 11.7	13	1015.6	6.4	157.6	 2.9
1	2010	7	 13.0	 16.9	 21.2	17	 10.3	  6.6	13	 79.0	 42.5	  8.6	2	1005.2	5.6	216.7	 2.8
1	2010	8	 12.1	 15.6	 19.7	19	  9.6	  4.8	25	 80.0	 54.9	 16.4	13	1012.2	5.8	196.5	 2.8
1	2010	9	 10.2	 13.1	 17.2	1	  7.9	  0.4	22	 78.0	 92.2	 21.2	27	1007.2	6.0	109.6	 4.1
1	2010	10	  6.3	  9.2	 14.6	10	  4.3	 -3.1	24	 74.0	 41.3	  7.4	17	1004.2	5.2	104.1	 3.4
1	2010	11	  0.6	  3.5	  8.4	8	 -1.8	 -7.7	27	 76.0	 37.8	 11.8	7	1010.9	4.6	73.9	 3.2
1	2010	12	  0.7	  3.7	 10.3	26	 -1.8	-10.8	22	 76.0	 56.7	 18.1	26	1016.9	5.1	31.8	 3.9
1	2011	1	  1.6	  4.0	  9.1	23	 -0.6	-11.2	7	 76.0	 62.1	 14.8	30	1006.5	6.6	15.9	 5.3
1	2011	2	  2.1	  4.9	  9.1	23	  0.0	 -7.5	8	 78.0	107.7	 18.8	12	 987.7	6.0	55.5	 5.2
1	2011	3	  0.2	  3.5	  8.5	29	 -2.4	-12.5	13	 78.0	101.5	 15.1	2	1004.5	6.5	65.0	 4.8
1	2011	4	  4.1	  7.3	 10.4	8	  1.8	 -1.6	17	 80.0	138.9	 12.7	30	 995.5	6.5	114.3	 5.9
1	2011	5	  6.9	 10.9	 16.4	8	  3.9	 -1.0	17	 67.0	 66.2	 38.8	1	1008.0	5.6	228.7	 3.6
1	2011	6	  9.2	 13.2	 16.3	20	  5.8	  0.2	6	 69.0	 15.1	  3.5	4	1014.4	5.3	268.1	 3.3
1	2011	7	 12.2	 15.7	 19.3	16	  9.8	  8.0	17	 78.0	 45.0	 11.4	4	1012.9	5.9	184.1	 3.5
1	2011	8	 11.2	 14.9	 20.0	5	  8.2	  3.8	26	 76.0	 23.1	  5.7	2	1011.2	5.3	216.1	 2.7
1	2011	9	  9.4	 13.1	 16.7	2	  6.9	  2.0	13	 74.0	 72.7	 16.2	29	 995.0	5.2	168.4	 3.8
1	2011	10	  5.0	  7.9	 11.8	13	  2.9	 -2.5	10	 79.0	104.3	 15.1	15	 994.2	6.0	100.7	 4.3
1	2011	11	  4.3	  7.0	 12.1	8	  2.5	 -9.2	30	 80.0	 89.9	 13.9	8	 992.2	5.9	35.2	 4.6
1	2011	12	 -1.9	  0.9	  7.5	22	 -4.4	-11.7	10	 76.0	 78.4	 11.4	24	 989.9	6.0	13.1	 4.0
1	2012	1	  0.4	  3.1	  8.2	29	 -2.0	 -7.9	3	 85.0	144.6	 19.9	14	 995.8	5.9	13.6	 4.7
1	2012	2	  2.6	  5.3	  9.1	6	  0.4	 -6.1	18	 84.0	135.0	 11.5	25	1003.7	6.8	37.1	 5.1
1	2012	3	  3.1	  5.6	  9.6	24	  1.1	 -7.3	18	 82.0	117.1	 17.1	3	1003.7	6.7	62.5	 5.6
1	2012	4	  4.3	  7.7	 10.0	24	  1.7	 -2.5	21	 73.0	 59.7	 20.5	8	1013.6	5.9	153.5	 3.2
1	2012	5	  6.3	  9.8	 15.5	31	  3.2	 -3.0	16	 71.0	 19.4	  5.5	13	1019.0	4.6	296.3	 3.7
1	2012	6	 10.7	 14.5	 18.4	4	  7.4	  4.8	1	 73.0	 13.8	  4.4	28	1017.2	4.8	320.6	 2.6
1	2012	7	 12.4	 15.7	 18.6	15	  9.6	  5.7	10	 79.0	 35.0	  6.2	23	1012.5	5.3	219.7	 2.4
1	2012	8	 12.3	 15.7	 21.3	16	  9.9	  3.2	28	 84.0	 66.4	 15.6	12	1010.5	5.9	164.0	 2.9
1	2012	9	  7.3	 10.3	 13.6	1	  5.1	 -1.2	29	 82.0	101.7	 20.4	6	1001.0	5.6	142.9	 3.8
1	2012	10	  4.4	  7.5	 10.9	4	  1.9	 -2.8	19	 78.0	 75.9	 17.8	11	1011.6	5.0	121.7	 3.0
1	2012	11	  1.4	  3.7	 10.0	15	 -0.6	 -4.1	11	 77.0	 85.6	 19.3	6	 998.2	6.0	33.3	 4.6
1	2012	12	  1.2	  3.4	  7.7	22	 -0.9	 -5.7	18	 73.0	 96.6	 54.6	29	1001.7	5.2	21.9	 4.4
1	2013	1	  2.7	  5.2	 10.7	4	  0.5	 -5.7	1	 79.0	119.5	 13.5	18	 996.2	6.1	12.6	 4.6
1	2013	2	  3.9	  6.2	 10.2	25	  2.0	 -4.5	6	 80.0	104.1	 19.7	10	1005.9	6.0	54.3	 4.8
1	2013	3	  1.2	  4.5	  9.0	31	 -1.4	 -8.4	18	 69.0	 41.3	 12.0	1	1019.7	5.1	162.5	 4.0
1	2013	4	  1.9	  5.7	 10.5	3	 -0.8	 -7.5	11	 68.0	 41.8	 13.7	20	1008.9	4.9	229.1	 3.6
1	2013	5	  5.8	  9.3	 14.5	28	  3.1	 -5.2	2	 73.0	 44.9	  8.3	24	1008.0	5.5	204.3	 3.9
1	2013	6	  9.9	 13.0	 17.5	10	  7.7	  5.4	28	 80.0	 65.6	 11.0	4	1009.2	6.6	121.7	 3.7
1	2013	7	 10.9	 14.4	 20.2	27	  8.5	  3.8	2	 84.0	 72.2	 14.7	6	1009.1	6.6	164.0	 2.8
1	2013	8	 10.1	 13.1	 15.7	23	  7.5	  4.2	6	 81.0	 86.3	 21.2	30	1002.8	6.2	135.3	 3.7
1	2013	9	  7.1	  9.8	 12.9	11	  5.1	  1.0	28	 81.0	 89.7	 19.1	12	1005.8	6.2	120.1	 4.2
1	2013	10	  4.2	  6.8	 11.3	11	  1.9	 -2.8	29	 78.0	 18.9	  6.9	8	1005.3	5.3	101.6	 3.0
1	2013	11	  2.2	  5.0	  9.6	26	 -0.5	 -6.2	18	 75.0	 92.7	 22.1	15	1001.6	6.2	35.4	 4.9
1	2013	12	 -0.5	  2.0	  9.0	1	 -2.9	-12.8	5	 75.0	 61.6	  7.3	15	 985.9	5.7	 9.3	 4.8
1	2014	1	  2.4	  4.7	  7.0	16	  0.3	 -5.0	31	 74.0	 64.2	 14.1	11	 987.9	5.8	19.4	 3.9
1	2014	2	  1.7	  4.2	  7.5	28	 -0.1	 -6.6	15	 62.0	 13.6	  4.4	5	 986.3	5.0	96.3	 4.3
1	2014	3	  2.1	  5.2	 10.6	31	 -0.1	 -9.7	18	 76.0	115.0	 17.9	25	 996.3	6.4	73.2	 4.3
1	2014	4	  4.9	  8.3	 13.2	24	  2.4	 -4.2	17	 75.0	 55.8	  7.8	7	1006.6	6.1	146.2	 4.2
1	2014	5	  8.2	 11.3	 13.8	5	  5.8	  1.1	19	 72.0	 47.6	  9.1	4	1012.8	6.2	189.0	 3.9
1	2014	6	 11.2	 14.1	 16.5	8	  9.0	  7.2	23	 84.0	115.8	 22.0	18	1016.8	6.7	115.4	 2.7
1	2014	7	 11.8	 14.8	 17.5	29	  9.6	  5.7	31	 83.0	 89.3	 17.5	2	1006.4	6.8	116.4	 3.3
1	2014	8	 11.4	 14.7	 19.7	11	  8.7	  5.8	20	 78.0	 57.8	 37.6	31	1010.1	5.8	188.4	 2.9
1	2014	9	  9.2	 11.9	 15.4	14	  7.0	  2.9	28	 86.0	153.0	 16.1	30	1006.3	6.8	81.5	 3.9
1	2014	10	  4.2	  7.5	 14.9	7	  1.6	 -2.6	13	 74.0	 84.1	 14.5	1	 998.1	5.5	105.3	 3.4
1	2014	11	  5.5	  7.9	 12.0	14	  3.4	 -3.3	11	 75.0	 56.9	 16.7	29	 998.9	6.4	27.9	 4.8
1	2014	12	 -0.7	  2.5	  8.2	29	 -3.8	 -9.1	16	 78.0	110.0	 20.2	9	 993.7	5.9	 9.3	 4.4
1	2015	1	 -0.3	  2.5	  8.8	5	 -2.9	 -7.6	18	 78.0	127.3	 23.3	7	 988.5	5.7	29.3	 4.9
1	2015	2	 -0.1	  2.6	  7.5	14	 -2.8	 -9.6	3	 77.0	 93.2	 25.9	15	 994.9	6.6	34.3	 5.5
1	2015	3	  0.7	  4.0	  9.5	14	 -2.0	 -8.9	31	 77.0	137.3	 17.5	14	 995.7	6.0	118.5	 5.2
1	2015	4	  2.4	  5.5	  9.6	19	 -0.3	 -8.5	2	 74.0	 47.8	 10.4	13	1010.4	5.9	149.4	 5.3
1	2015	5	  4.5	  8.3	 11.9	31	  1.3	 -5.9	8	 66.0	 32.3	  7.1	14	1006.1	4.8	277.9	 4.2
1	2015	6	  9.1	 12.5	 19.4	26	  6.4	  1.9	3	 74.0	 20.9	  4.4	8	1012.5	6.1	193.1	 3.2
1	2015	7	 11.3	 15.0	 17.6	4	  8.4	  5.7	27	 74.0	 34.6	 15.0	14	1012.7	6.1	225.7	 2.5
1	2015	8	 10.9	 14.4	 20.7	25	  8.3	  4.5	29	 76.0	 66.2	 14.7	13	1003.5	6.4	158.0	 2.9
1	2015	9	  9.1	 12.0	 14.3	7	  7.0	  2.5	24	 85.0	 76.7	  8.3	23	1008.2	6.3	95.4	 4.0
1	2015	10	  5.2	  8.1	 12.1	29	  3.4	 -3.8	26	 84.0	159.5	 29.8	1	1002.1	6.4	59.9	 3.6
1	2015	11	  1.8	  4.7	 11.0	6	 -0.8	 -9.2	20	 83.0	129.0	 23.0	6	 993.9	5.7	42.3	 3.4
1	2015	12	 -0.2	  2.1	  7.4	28	 -2.7	-10.1	25	 80.0	100.3	 21.7	2	 988.6	6.3	 8.2	 3.9
1	2016	1	  0.2	  2.3	  8.5	22	 -1.9	-10.3	31	 72.0	 61.5	 14.5	2	 998.1	5.6	22.2	 4.3
1	2016	2	 -0.5	  2.4	  6.2	27	 -3.2	-10.1	9	 74.0	 65.1	 19.3	16	 998.1	5.5	86.5	 3.6
1	2016	3	  2.7	  5.5	  9.5	14	  0.5	 -4.3	28	 76.0	 84.5	 15.1	11	1003.0	6.4	85.6	 4.5
1	2016	4	  4.3	  7.8	 11.7	14	  1.5	 -2.7	10	 71.0	 30.4	 10.0	9	1015.8	5.5	202.5	 3.6
1	2016	5	  6.6	  9.5	 13.5	16	  4.2	  0.8	7	 72.0	 28.0	 10.8	27	1014.5	6.4	145.9	 3.8
1	2016	6	 10.9	 13.9	 16.8	20	  8.7	  5.9	3	 78.0	 50.7	 13.0	26	1012.4	6.7	132.1	 2.7
1	2016	7	 12.5	 16.4	 21.3	28	  9.5	  6.5	9	 72.0	 40.0	 17.1	26	1010.3	5.9	239.6	 2.4
1	2016	8	 11.8	 15.1	 18.4	22	  9.3	  4.1	29	 76.0	 33.4	  7.9	14	1009.4	5.8	192.5	 2.6
1	2016	9	  8.7	 12.0	 17.4	5	  6.1	  1.2	30	 76.0	 59.3	 14.0	21	 997.0	5.7	135.1	 3.2
1	2016	10	  7.8	 10.0	 12.5	7	  5.8	  0.2	25	 80.0	206.9	 31.1	6	1007.8	7.0	40.3	 5.8
1	2016	11	  3.5	  5.6	 10.3	7	  1.6	 -6.0	22	 81.0	127.4	 14.3	24	1005.1	6.7	18.1	 4.6
1	2016	12	  3.6	  6.0	 10.1	27	  1.3	 -5.5	31	 81.0	146.7	 15.6	30	 994.1	7.0	 3.2	 5.4
1	2017	1	  1.4	  3.9	  8.2	5	 -1.1	 -7.9	12	 80.0	 83.4	 17.6	5	1002.6	6.6	17.8	 4.7
1	2017	2	  2.8	  5.3	  8.2	13	  0.7	 -5.9	27	 83.0	126.3	 17.4	8	 996.1	6.6	51.9	 4.1
1	2017	3	  1.8	  4.8	  9.0	30	 -0.8	 -7.3	4	 72.0	 51.5	 10.7	24	1001.6	5.9	127.0	 3.5
1	2017	4	  3.0	  6.3	 10.1	26	  0.2	 -5.6	24	 73.0	149.5	 20.9	29	1010.7	6.5	134.9	 4.5
1	2017	5	  8.6	 12.1	 17.1	21	  6.1	  1.9	19	 74.0	 84.4	 15.8	2	1012.7	6.2	168.4	 4.3
1	2017	6	  9.9	 13.6	 17.0	14	  7.4	  2.0	9	 71.0	 42.6	  6.9	2	1005.6	6.3	162.9	 3.3
1	2017	7	 11.7	 15.1	 22.5	27	  9.2	  6.8	9	 76.0	 37.1	  8.5	15	1006.0	6.1	188.4	 3.1
1	2017	8	 10.8	 14.6	 17.6	17	  8.0	  5.5	10	 76.0	 39.0	 10.6	9	1009.2	5.6	215.4	 2.6
1	2017	9	  9.7	 12.7	 16.0	3	  7.3	  3.4	14	 79.0	 89.4	 16.4	21	1000.9	6.4	111.2	 3.5
1	2017	10	  6.8	  9.4	 11.4	1	  4.8	 -0.2	22	 79.0	 42.1	  5.9	18	1001.6	6.1	82.6	 3.5
1	2017	11	  0.2	  2.8	  8.1	2	 -2.2	 -8.2	28	 74.0	 91.5	 28.6	6	1010.0	5.4	45.1	 2.9
1	2017	12	 -0.7	  1.8	  8.6	18	 -2.9	 -8.5	11	 75.0	 63.6	 11.9	12	1005.0	5.1	21.0	 3.0
1	2018	1	 -0.2	  2.3	  8.1	12	 -2.8	 -9.0	19	 76.0	106.8	 19.5	10	 993.3	5.4	37.0	 3.8
1	2018	2	  1.1	  3.9	  8.0	23	 -1.7	 -7.0	12	 79.0	159.1	 33.3	24	 995.5	6.9	39.1	 6.0
1	2018	3	  2.3	  5.4	  9.7	16	 -0.2	 -7.8	8	 64.0	 25.3	  6.4	27	1009.2	5.4	152.0	 3.7
1	2018	4	  5.0	  8.1	 13.6	16	  2.4	 -4.8	5	 70.0	 57.9	 10.5	26	1006.5	6.1	138.2	 3.8
1	2018	5	  5.7	  9.1	 14.3	13	  3.3	 -1.4	1	 77.0	128.8	 12.7	28	1004.1	6.8	150.7	 4.6
1	2018	6	  8.7	 11.6	 13.2	27	  6.6	  3.9	21	 81.0	 88.4	 27.7	25	1012.9	7.2	70.0	 2.9
1	2018	7	 10.6	 13.8	 23.5	29	  8.3	  3.7	6	 80.0	 62.3	 10.9	14	1005.8	7.1	89.9	 2.9
1	2018	8	 10.4	 13.5	 17.8	5	  8.0	  3.8	30	 75.0	 48.1	 16.3	21	1004.6	5.9	185.0	 3.3
1	2018	9	  7.1	 10.6	 15.3	5	  4.5	 -1.4	23	 75.0	 75.4	 13.4	28	1004.6	5.4	164.3	 3.5
1	2018	10	  3.9	  6.7	 12.7	11	  1.7	 -4.8	6	 78.0	113.9	 17.9	7	 998.5	6.2	85.0	 4.0
1	2018	11	  4.2	  6.3	 11.5	17	  2.2	 -2.4	5	 74.0	106.7	 47.7	18	1002.3	5.9	39.7	 3.9
1	2018	12	  2.7	  5.1	 10.1	11	  0.7	 -7.4	3	 78.0	 82.2	 13.3	12	 998.5	6.1	10.4	 4.5
1	2019	1	  0.5	  3.2	  9.9	3	 -2.6	 -9.3	31	 80.0	102.9	 17.4	20	1007.1	5.8	37.4	 4.0
1	2019	2	  1.0	  3.7	 10.0	22	 -2.0	-12.0	2	 74.0	 72.9	 14.3	23	1000.1	5.6	73.9	 4.4
1	2019	3	  1.1	  4.5	  8.2	25	 -1.4	 -6.2	30	 74.0	 91.5	 29.5	2	 996.9	6.1	108.4	 4.3
1	2019	4	  6.5	  9.8	 17.1	30	  4.1	 -3.5	3	 73.0	 81.4	 11.2	1	1011.0	6.6	116.4	 5.1
1	2019	5	  7.7	 11.6	 14.9	22	  4.8	 -1.8	11	 69.0	 34.0	  8.6	3	1020.2	5.3	236.8	 3.0
1	2019	6	 10.4	 14.6	 21.1	14	  6.9	  1.2	3	 68.0	 29.5	 10.3	27	1017.8	5.0	303.9	 2.9
1	2019	7	 13.4	 17.0	 20.2	18	 10.7	  5.8	8	 74.0	 56.4	 15.9	17	1011.2	6.0	194.6	 2.3
1	2019	8	 10.8	 14.4	 17.7	21	  8.0	  4.1	19	 73.0	 38.4	 17.3	26	1007.6	5.4	220.6	 3.0
1	2019	9	  9.6	 12.8	 18.5	26	  7.3	  1.9	15	 78.0	138.4	 32.4	19	1005.1	5.9	135.9	 3.4
1	2019	10	  5.4	  8.1	 13.2	8	  3.4	 -6.1	27	 72.0	 77.4	 16.2	5	1008.2	6.0	82.0	 3.7
1	2019	11	  2.4	  4.4	  7.3	22	  0.3	 -4.8	28	 77.0	 73.1	 14.4	11	1009.0	5.5	49.2	 3.2
1	2019	12	  0.6	  3.0	 10.0	2	 -2.1	-10.8	13	 74.0	 71.9	 11.2	29	 994.4	5.5	23.1	 3.5
1	2020	1	  0.3	  3.0	  8.5	22	 -2.3	 -9.6	3	 79.0	124.0	 14.6	5	 984.4	6.2	31.7	 5.7
1	2020	2	  0.3	  2.8	  9.2	6	 -2.0	 -8.4	12	 75.0	 55.4	 13.5	5	 981.9	6.4	50.5	 4.4
1	2020	3	  0.4	  3.5	  7.3	29	 -2.3	 -9.8	15	 72.0	 86.7	 22.3	21	1001.2	6.1	113.9	 4.7
1	2020	4	  4.0	  7.3	 13.1	25	  1.2	 -7.2	3	 72.0	 74.6	 21.3	19	1013.0	6.1	122.9	 4.3
1	2020	5	  7.1	 10.6	 16.7	22	  4.2	 -2.5	3	 67.0	 57.8	 13.3	25	1014.9	5.9	210.6	 4.1
1	2020	6	 10.2	 14.0	 21.4	21	  7.5	  3.2	5	 74.0	 49.6	 16.1	13	1013.4	6.4	167.4	 3.3
1	2020	7	 10.7	 14.0	 17.4	5	  8.3	  3.4	25	 74.0	 44.7	 15.7	16	1008.9	6.0	217.5	 2.7